A09 replicate vs A11   A09 nearest vs replicate   A09 nearest vs separate   A09 replicate vs A09 separate
 
	0.5  : -                  0.5  : +                   0.5  : +                    0.5  : +
	0.55 : -                  0.55 : +                   0.55 : +                    0.55 : +
	0.6  : -                  0.6  : +                   0.6  : +                    0.6  : +
	0.65 : -                  0.65 : -                   0.65 : -                    0.65 : +
	0.7  : -                  0.7  : -                   0.7  : -                    0.7  : -
	0.75 : -                  0.75 : +                   0.75 : -                    0.75 : -
	0.8  : -                  0.8  : +                   0.8  : +                    0.8  : +
	0.85 : -                  0.85 : +                   0.85 : +                    0.85 : +
	0.9  : -                  0.9  : +                   0.9  : +                    0.9  : +
	0.95 : -                  0.95 : +                   0.95 : +                    0.95 : +

0.5: 
A09 replicate
   9 10 424 425 436 437 438
1: 1  1   1   1   1   1   1

   48 50 52 53 54 55 56 57 58 59 60 61
5:  1  1  1  1  1  0  0  0  0  0  0  0
8:  0  0  1  1  1  1  1  1  1  1  1  1

   322 323 324 417 418 467 468 469 470 471
2:   0   0   0   1   1   1   1   1   1   1
3:   1   1   1   0   0   0   0   0   0   0
4:   0   0   0   1   1   1   1   1   1   1
6:   0   0   1   1   1   0   0   0   0   0
7:   0   0   0   0   0   1   1   1   1   1

nearest 
   9 10 424 425 436 437 438
1: 1  1   1   1   1   1   1

   48 50 52 53 54 55 56 57 58 59 60 61
5:  1  1  1  1  1  0  0  0  0  0  0  0
8:  0  0  1  1  1  1  1  1  1  1  1  1

   322 323 324 417 418 467 468 469 470 471
2:   0   0   0   1   1   1   1   1   1   1
3:   1   1   1   0   0   0   0   0   0   0
4:   0   0   0   1   1   1   1   1   1   1
6:   0   0   1   1   1   0   0   0   0   0
7:   0   0   0   0   0   1   1   1   1   1

separate
   9 10 424 425 436 437 438
1: 1  1   1   1   1   1   1

   48 50 52 53 54 55 56 57 58 59 60 61
5:  1  1  1  1  1  0  0  0  0  0  0  0
8:  0  0  1  1  1  1  1  1  1  1  1  1

   322 323 324 417 418 467 468 469 470 471
2:   0   0   0   1   1   1   1   1   1   1
3:   1   1   1   0   0   0   0   0   0   0
4:   0   0   0   1   1   1   1   1   1   1
6:   0   0   1   1   1   0   0   0   0   0
7:   0   0   0   0   0   1   1   1   1   1

A11
   9 10 424 425 436 437 438
1: 1  1   1   1   1   1   1

   48 50 52 53 54 55 56 57 58 59 60 61 417 418
5:  1  1  1  1  1  0  0  0  0  0  0  0   1   1
8:  0  0  1  1  1  1  1  1  1  1  1  1   1   1

   48 322 323 324 417 418 467 468 469 470 471
2:  0   0   0   0   1   1   1   1   1   1   1
3:  0   1   1   1   1   1   0   0   0   0   0
4:  1   0   0   0   1   1   1   1   1   1   1
6:  0   0   0   1   1   1   0   0   0   0   0
7:  0   0   0   0   0   0   1   1   1   1   1



0.55
A09 replicate
   9 10 424 425 436 437 438
1: 1  1   1   1   1   1   1

   48 417 418 467 468 469 470 471
2:  0   1   1   1   1   1   1   1
4:  1   1   1   1   1   1   1   1
7:  0   0   0   1   1   1   1   1

   50 52 53 54 55 56 57 58 59 60 61
5:  1  1  1  1  0  0  0  0  0  0  0
8:  0  1  1  1  1  1  1  1  1  1  1

   322 323 324
3:   1   1   1
6:   0   0   1

nearest
   9 10 424 425 436 437 438
1: 1  1   1   1   1   1   1

   48 417 418 467 468 469 470 471
2:  0   1   1   1   1   1   1   1
4:  1   1   1   1   1   1   1   1
7:  0   0   0   1   1   1   1   1

   50 52 53 54 55 56 57 58 59 60 61
5:  1  1  1  1  0  0  0  0  0  0  0
8:  0  1  1  1  1  1  1  1  1  1  1

   322 323 324
3:   1   1   1
6:   0   0   1

separate
   9 10 424 425 436 437 438
1: 1  1   1   1   1   1   1

   48 417 418 467 468 469 470 471
2:  0   1   1   1   1   1   1   1
4:  1   1   1   1   1   1   1   1
7:  0   0   0   1   1   1   1   1

   50 52 53 54 55 56 57 58 59 60 61
5:  1  1  1  1  0  0  0  0  0  0  0
8:  0  1  1  1  1  1  1  1  1  1  1

   322 323 324
3:   1   1   1
6:   0   0   1

A11
   9 10 424 425 436 437 438
1: 1  1   1   1   1   1   1

   48 417 418 467 468 469 470 471
2:  0   1   1   1   1   1   1   1
4:  1   1   1   1   1   1   1   1
7:  0   0   0   1   1   1   1   1

   322 323 324 417 418
3:   1   1   1   1   1
6:   0   0   1   1   1

   48 50 52 53 54 55 56 57 58 59 60 61 417 418
5:  1  1  1  1  1  0  0  0  0  0  0  0   1   1
8:  0  0  1  1  1  1  1  1  1  1  1  1   1   1



0.6
A09 replicate
   9 10 424 425 436 437 438
1: 1  1   1   1   1   1   1

   48 417 418 467 468 469 470 471
2:  0   1   1   1   1   1   1   1
4:  1   1   1   1   1   1   1   1
7:  0   0   0   1   1   1   1   1

   50 52 53 54 55 56 57 58 59 60 61
5:  1  1  1  1  0  0  0  0  0  0  0
8:  0  1  1  1  1  1  1  1  1  1  1

   322 323 324
3:   1   1   1
6:   0   0   1

nearest 
   9 10 424 425 436 437 438
1: 1  1   1   1   1   1   1

   48 417 418 467 468 469 470 471
2:  0   1   1   1   1   1   1   1
4:  1   1   1   1   1   1   1   1
7:  0   0   0   1   1   1   1   1

   50 52 53 54 55 56 57 58 59 60 61
5:  1  1  1  1  0  0  0  0  0  0  0
8:  0  1  1  1  1  1  1  1  1  1  1

   322 323 324
3:   1   1   1
6:   0   0   1

separate
   9 10 424 425 436 437 438
1: 1  1   1   1   1   1   1

   48 417 418 467 468 469 470 471
2:  0   1   1   1   1   1   1   1
4:  1   1   1   1   1   1   1   1
7:  0   0   0   1   1   1   1   1

   50 52 53 54 55 56 57 58 59 60 61
5:  1  1  1  1  0  0  0  0  0  0  0
8:  0  1  1  1  1  1  1  1  1  1  1

   322 323 324
3:   1   1   1
6:   0   0   1

A11
   9 10 424 425 436 437 438
1: 1  1   1   1   1   1   1

   48 417 418 467 468 469 470 471
2:  0   1   1   1   1   1   1   1
4:  1   1   1   1   1   1   1   1
7:  0   0   0   1   1   1   1   1

   322 323 324 417 418
3:   1   1   1   1   1
6:   0   0   1   1   1

   48 50 52 53 54 55 56 57 58 59 60 61 417 418
5:  1  1  1  1  1  0  0  0  0  0  0  0   1   1
8:  0  0  1  1  1  1  1  1  1  1  1  1   1   1



0.65
A09 replicate
   9 10 424 425 436 437 438
1: 1  1   1   1   1   1   1

   48 467 468 469 470 471
2:  0   1   1   1   1   1
4:  1   1   1   1   1   1
7:  0   1   1   1   1   1

   50 52 53 54 55 56 57 58 59 60 61 418
5:  1  1  1  1  0  0  0  0  0  0  0   1
8:  0  1  1  1  1  1  1  1  1  1  1   1

   322 323 324 417
3:   1   1   1   1
6:   0   0   1   1

nearest
   9 10 424 425 436 437 438
1: 1  1   1   1   1   1   1

   48 418 467 468 469 470 471
2:  0   1   1   1   1   1   1
4:  1   1   1   1   1   1   1
7:  0   0   1   1   1   1   1

   50 52 53 54 55 56 57 58 59 60 61 417
5:  1  1  1  1  0  0  0  0  0  0  0   1
8:  0  1  1  1  1  1  1  1  1  1  1   1

   322 323 324
3:   1   1   1
6:   0   0   1

separate
   9 10 424 425 436 437 438
1: 1  1   1   1   1   1   1

   48 467 468 469 470 471
2:  0   1   1   1   1   1
4:  1   1   1   1   1   1
7:  0   1   1   1   1   1

   50 52 53 54 55 56 57 58 59 60 61 418
5:  1  1  1  1  0  0  0  0  0  0  0   1
8:  0  1  1  1  1  1  1  1  1  1  1   1

   322 323 324 417
3:   1   1   1   1
6:   0   0   1   1

A11
   9 10 424 425 436 437 438
1: 1  1   1   1   1   1   1

   48 417 418 467 468 469 470 471
2:  0   1   1   1   1   1   1   1
4:  1   1   1   1   1   1   1   1
7:  0   0   0   1   1   1   1   1

   322 323 324 417 418
3:   1   1   1   1   1
6:   0   0   1   1   1

   48 50 52 53 54 55 56 57 58 59 60 61 417 418
5:  1  1  1  1  1  0  0  0  0  0  0  0   1   1
8:  0  0  1  1  1  1  1  1  1  1  1  1   1   1


0.7
A09 replicate 
   9 10 424 425 436 437 438
1: 1  1   1   1   1   1   1

   48 467 468 469 470 471
2:  0   1   1   1   1   1
4:  1   1   1   1   1   1
7:  0   1   1   1   1   1

   50 52 53 54 55 56 57 58 59 60 61 418
5:  1  1  1  1  0  0  0  0  0  0  0   1
8:  0  1  1  1  1  1  1  1  1  1  1   1

   322 323 324 417
3:   1   1   1   1
6:   0   0   1   1

nearest 
   9 10 424 425 436 437 438
1: 1  1   1   1   1   1   1

   48 418 467 468 469 470 471
2:  0   1   1   1   1   1   1
4:  1   1   1   1   1   1   1
7:  0   0   1   1   1   1   1

   50 52 53 54
5:  1  1  1  1

   55 56 57 58 59 60 61
8:  1  1  1  1  1  1  1

   322 323 324 417
3:   1   1   1   1
6:   0   0   1   1

separate
   9 10 424 425 436 437 438
1: 1  1   1   1   1   1   1

   48 467 468 469 470 471
2:  0   1   1   1   1   1
4:  1   1   1   1   1   1
7:  0   1   1   1   1   1

   50 52 53 54
5:  1  1  1  1

   55 56 57 58 59 60 61
8:  1  1  1  1  1  1  1

   322 323 324 417 418
3:   1   1   1   1   1
6:   0   0   1   1   1

A11
   9 10 424 425 436 437 438
1: 1  1   1   1   1   1   1

   48 417 418 467 468 469 470 471
2:  0   1   1   1   1   1   1   1
4:  1   1   1   1   1   1   1   1
7:  0   0   0   1   1   1   1   1

   322 323 324 417 418
3:   1   1   1   1   1
6:   0   0   1   1   1

   48 50 52 53 54 417 418
5:  1  1  1  1  1   1   1

   52 53 54 55 56 57 58 59 60 61 417 418
8:  1  1  1  1  1  1  1  1  1  1   1   1



0.75
A09 replicate
   9 10 424 425 436 437 438
1: 1  1   1   1   1   1   1

   48 418 467 468 469 470 471
2:  0   1   1   1   1   1   1
4:  1   1   1   1   1   1   1
7:  0   0   1   1   1   1   1

   50 52 53 54
5:  1  1  1  1

   55 56 57 58 59 60 61
8:  1  1  1  1  1  1  1

   322 323 324 417
3:   1   1   1   1
6:   0   0   1   1

nearest
   9 10 424 425 436 437 438
1: 1  1   1   1   1   1   1

   48 418 467 468 469 470 471
2:  0   1   1   1   1   1   1
4:  1   1   1   1   1   1   1
7:  0   0   1   1   1   1   1

   50 52 53 54
5:  1  1  1  1

   55 56 57 58 59 60 61
8:  1  1  1  1  1  1  1

   322 323 324 417
3:   1   1   1   1
6:   0   0   1   1

separate
   9 10 424 425 436 437 438
1: 1  1   1   1   1   1   1

   48 418 467 468 469 470 471
2:  0   1   1   1   1   1   1
4:  1   1   1   1   1   1   1
7:  0   0   1   1   1   1   1

   50 52 53 54
5:  1  1  1  1

   55 56 57 58 59 60 61
8:  1  1  1  1  1  1  1

   322 323 324 417
3:   1   1   1   1
6:   0   0   1   1

A11
   9 10 424 425 436 437 438
1: 1  1   1   1   1   1   1

   48 417 418 467 468 469 470 471
2:  0   1   1   1   1   1   1   1
4:  1   1   1   1   1   1   1   1
7:  0   0   0   1   1   1   1   1

   322 323 324 417 418
3:   1   1   1   1   1
6:   0   0   1   1   1

   48 50 52 53 54 417 418
5:  1  1  1  1  1   1   1

   52 53 54 55 56 57 58 59 60 61 417 418
8:  1  1  1  1  1  1  1  1  1  1   1   1



0.8
A09 replicate
   9 10 424 425 436 437 438
1: 1  1   1   1   1   1   1

   48 467 468 469 470 471
2:  0   1   1   1   1   1
4:  1   1   1   1   1   1
7:  0   1   1   1   1   1

   50 52 53 54
5:  1  1  1  1

   55 56 57 58 59 60 61
8:  1  1  1  1  1  1  1

   322 323 324 417 418
3:   1   1   1   1   1
6:   0   0   1   1   1

nearest
   9 10 424 425 436 437 438
1: 1  1   1   1   1   1   1

   48 467 468 469 470 471
2:  0   1   1   1   1   1
4:  1   1   1   1   1   1
7:  0   1   1   1   1   1

   50 52 53 54
5:  1  1  1  1

   55 56 57 58 59 60 61
8:  1  1  1  1  1  1  1

   322 323 324 417 418
3:   1   1   1   1   1
6:   0   0   1   1   1

separate
   9 10 424 425 436 437 438
1: 1  1   1   1   1   1   1

   48 467 468 469 470 471
2:  0   1   1   1   1   1
4:  1   1   1   1   1   1
7:  0   1   1   1   1   1

   50 52 53 54
5:  1  1  1  1

   55 56 57 58 59 60 61
8:  1  1  1  1  1  1  1

   322 323 324 417 418
3:   1   1   1   1   1
6:   0   0   1   1   1

A11
   9 10 424 425 436 437 438
1: 1  1   1   1   1   1   1

   48 417 418 467 468 469 470 471
2:  0   1   1   1   1   1   1   1
4:  1   1   1   1   1   1   1   1
7:  0   0   0   1   1   1   1   1

   322 323 324 417 418
3:   1   1   1   1   1
6:   0   0   1   1   1

   48 50 52 53 54 417 418
5:  1  1  1  1  1   1   1

   52 53 54 55 56 57 58 59 60 61 417 418
8:  1  1  1  1  1  1  1  1  1  1   1   1



0.85
A09 replicate
   9 10 424 425 436 437 438
1: 1  1   1   1   1   1   1

   48 50 52 53 54
5:  1  1  1  1  1

   55 56 57 58 59 60 61
8:  1  1  1  1  1  1  1

   417 418 467 468 469 470 471
2:   1   1   1   1   1   1   1
4:   1   1   1   1   1   1   1
7:   0   0   1   1   1   1   1

   322 323
3:   1   1

   324
6:   1

nearest 
   9 10 424 425 436 437 438
1: 1  1   1   1   1   1   1

   48 50 52 53 54
5:  1  1  1  1  1

   55 56 57 58 59 60 61
8:  1  1  1  1  1  1  1

   417 418 467 468 469 470 471
2:   1   1   1   1   1   1   1
4:   1   1   1   1   1   1   1
7:   0   0   1   1   1   1   1

   322 323
3:   1   1

   324
6:   1

sepatare
   9 10 424 425 436 437 438
1: 1  1   1   1   1   1   1

   48 50 52 53 54
5:  1  1  1  1  1

   55 56 57 58 59 60 61
8:  1  1  1  1  1  1  1

   417 418 467 468 469 470 471
2:   1   1   1   1   1   1   1
4:   1   1   1   1   1   1   1
7:   0   0   1   1   1   1   1

   322 323
3:   1   1

   324
6:   1

A11
   9 10 424 425 436 437 438
1: 1  1   1   1   1   1   1

   322 323 324 417 418
3:   1   1   1   1   1

   48 50 52 53 54 417 418
5:  1  1  1  1  1   1   1

   324 417 418
6:   1   1   1

   467 468 469 470 471
7:   1   1   1   1   1

   52 53 54 55 56 57 58 59 60 61 417 418
8:  1  1  1  1  1  1  1  1  1  1   1   1

   48 417 418 467 468 469 470 471
2:  0   1   1   1   1   1   1   1
4:  1   1   1   1   1   1   1   1



0.9
A09 replicate
   9 10 424 425 436 437 438
1: 1  1   1   1   1   1   1

   48 50 52 53 54
5:  1  1  1  1  1

   55 56 57 58 59 60 61
8:  1  1  1  1  1  1  1

   417 418 467 468 469 470 471
2:   1   1   1   1   1   1   1
4:   1   1   1   1   1   1   1
7:   0   0   1   1   1   1   1

   322 323
3:   1   1

   324
6:   1

nearest
   9 10 424 425 436 437 438
1: 1  1   1   1   1   1   1

   48 50 52 53 54
5:  1  1  1  1  1

   55 56 57 58 59 60 61
8:  1  1  1  1  1  1  1

   417 418 467 468 469 470 471
2:   1   1   1   1   1   1   1
4:   1   1   1   1   1   1   1
7:   0   0   1   1   1   1   1

   322 323
3:   1   1

   324
6:   1

separate
   9 10 424 425 436 437 438
1: 1  1   1   1   1   1   1

   48 50 52 53 54
5:  1  1  1  1  1

   55 56 57 58 59 60 61
8:  1  1  1  1  1  1  1

   417 418 467 468 469 470 471
2:   1   1   1   1   1   1   1
4:   1   1   1   1   1   1   1
7:   0   0   1   1   1   1   1

   322 323
3:   1   1

   324
6:   1

A11
   9 10 424 425 436 437 438
1: 1  1   1   1   1   1   1

   322 323 324 417 418
3:   1   1   1   1   1

   48 50 52 53 54 417 418
5:  1  1  1  1  1   1   1

   324 417 418
6:   1   1   1

   467 468 469 470 471
7:   1   1   1   1   1

   52 53 54 55 56 57 58 59 60 61 417 418
8:  1  1  1  1  1  1  1  1  1  1   1   1

   48 417 418 467 468 469 470 471
2:  0   1   1   1   1   1   1   1
4:  1   1   1   1   1   1   1   1



0.95
A09 replicate
   9 10 424 425 436 437 438
1: 1  1   1   1   1   1   1

   48 50 52 53 54
5:  1  1  1  1  1

   55 56 57 58 59 60 61
8:  1  1  1  1  1  1  1

   322 323 417 418
3:   1   1   1   1

   324
6:   1

   467 468 469 470 471
2:   1   1   1   1   1
4:   1   1   1   1   1
7:   1   1   1   1   1

nearest
   9 10 424 425 436 437 438
1: 1  1   1   1   1   1   1

   48 50 52 53 54
5:  1  1  1  1  1

   55 56 57 58 59 60 61
8:  1  1  1  1  1  1  1

   322 323 417 418
3:   1   1   1   1

   324
6:   1

   467 468 469 470 471
2:   1   1   1   1   1
4:   1   1   1   1   1
7:   1   1   1   1   1

sepatare
   9 10 424 425 436 437 438
1: 1  1   1   1   1   1   1

   48 50 52 53 54
5:  1  1  1  1  1

   55 56 57 58 59 60 61
8:  1  1  1  1  1  1  1

   322 323 417 418
3:   1   1   1   1

   324
6:   1

   467 468 469 470 471
2:   1   1   1   1   1
4:   1   1   1   1   1
7:   1   1   1   1   1

A11
   9 10 424 425 436 437 438
1: 1  1   1   1   1   1   1

   417 418 467 468 469 470 471
2:   1   1   1   1   1   1   1

   322 323 324 417 418
3:   1   1   1   1   1

   48 417 418 467 468 469 470 471
4:  1   1   1   1   1   1   1   1

   48 50 52 53 54 417 418
5:  1  1  1  1  1   1   1

   324 417 418
6:   1   1   1

   467 468 469 470 471
7:   1   1   1   1   1

   52 53 54 55 56 57 58 59 60 61 417 418
8:  1  1  1  1  1  1  1  1  1  1   1   1
