60 20
    1 2 3 4 5 6 7 8 9 10 11 12 13 14 15 16 17 18 19 20
1:  1 1 1 1 1 1 1 1 1  1  1  1  1  1  1  1  1  1  1  1
2:  1 1 1 1 1 1 0 1 1  1  1  1  1  1  1  1  1  1  1  1
3:  0 1 0 1 1 1 1 1 1  1  1  1  1  1  0  1  1  1  1  1
4:  1 1 1 1 1 1 0 1 1  0  1  1  1  1  1  1  1  1  0  1
5:  1 1 1 1 1 1 1 1 1  1  1  1  1  1  1  1  1  1  1  1
6:  1 1 1 1 1 1 1 1 1  0  1  1  1  1  1  0  1  1  0  1
7:  1 1 1 1 1 1 1 1 1  1  1  1  1  1  1  1  1  1  1  0
8:  1 1 1 1 1 0 1 1 1  1  1  1  1  1  0  1  1  1  1  1
9:  1 1 1 0 1 0 1 1 1  1  1  1  1  0  1  1  1  1  1  0
10: 1 1 1 1 1 1 1 1 1  1  0  1  1  1  0  1  1  1  1  1
11: 1 1 1 1 1 1 1 1 1  1  1  1  1  0  1  1  1  1  0  1
12: 1 1 1 1 1 1 1 1 1  1  1  1  1  1  0  1  1  1  1  0
13: 1 1 1 1 1 1 1 1 0  1  1  1  1  1  0  1  1  1  1  1
14: 0 0 1 1 1 0 1 1 1  1  1  1  1  1  1  1  1  0  1  1
15: 1 1 1 1 1 1 1 1 1  1  1  1  1  1  0  1  1  1  1  1
16: 1 1 1 1 1 1 1 1 1  1  1  0  1  1  1  1  1  1  1  0
17: 1 1 1 1 1 1 1 0 1  1  1  1  1  1  1  1  1  1  1  1
18: 0 1 1 1 1 1 1 1 1  1  1  1  1  1  1  1  1  1  1  1
19: 1 1 1 1 1 1 1 0 1  1  0  1  1  1  1  1  1  1  1  1
20: 0 1 1 1 1 1 0 0 1  1  0  1  1  0  1  1  1  1  1  1
21: 1 1 1 0 1 1 1 1 1  1  1  1  1  1  1  1  1  1  1  1
22: 1 1 1 1 1 1 1 1 1  0  1  1  1  1  1  1  0  1  1  1
23: 1 0 1 1 1 1 1 1 0  1  1  0  1  1  1  1  1  1  0  1
24: 1 1 1 1 1 0 1 1 1  1  1  1  1  1  1  1  1  1  1  1
25: 1 1 1 1 1 1 1 1 0  1  1  1  1  0  1  1  1  1  1  0
26: 1 1 1 1 1 1 1 1 1  1  1  1  1  1  1  1  1  1  1  1
27: 1 1 1 1 1 1 1 1 0  1  1  1  1  1  1  1  1  1  1  1
28: 1 1 0 1 1 1 1 1 1  1  1  1  1  1  1  0  1  1  1  1
29: 1 0 0 1 1 1 1 0 1  1  1  1  0  1  1  1  1  1  1  1
30: 1 1 1 1 1 1 1 1 1  1  1  0  1  1  1  0  1  1  1  0
31: 1 1 0 1 1 1 1 1 1  1  1  1  1  1  1  1  0  1  0  1
32: 1 1 1 1 1 1 1 1 0  1  1  1  0  1  1  1  1  1  1  1
33: 1 1 1 1 1 1 1 1 1  1  1  1  1  0  1  0  1  1  1  1
34: 1 1 1 1 1 1 1 0 1  1  1  0  1  1  1  1  1  1  1  1
35: 0 1 0 1 1 1 1 1 1  1  1  1  1  1  1  1  1  1  1  1
36: 1 1 1 1 1 1 1 1 1  1  1  1  1  1  1  1  1  0  1  1
37: 1 1 1 1 1 1 1 1 1  0  1  1  1  1  1  1  1  1  1  1
38: 1 1 1 1 1 0 1 1 1  1  1  1  1  1  0  1  1  1  1  0
39: 1 0 1 1 1 1 1 1 1  1  1  1  1  1  1  1  1  1  1  1
40: 1 1 0 1 1 0 1 1 1  1  1  1  1  1  1  1  1  0  1  1
41: 1 1 1 1 1 1 1 1 1  1  1  1  1  1  1  1  1  1  1  1
42: 1 0 1 1 1 1 1 1 1  1  1  0  1  1  1  1  1  1  1  1
43: 1 1 1 1 1 0 1 0 1  1  1  1  1  1  1  0  1  1  1  1
44: 1 1 0 1 0 1 1 1 1  1  1  0  1  1  1  1  1  1  1  1
45: 0 1 1 1 1 1 1 1 1  1  1  1  1  0  1  1  1  1  1  0
46: 0 1 1 1 0 0 1 1 1  1  1  0  1  1  1  1  1  1  1  1
47: 1 1 1 1 1 1 1 1 1  0  1  1  0  1  1  1  1  1  1  1
48: 0 1 1 1 1 1 1 1 1  1  1  0  1  1  1  1  1  1  1  1
49: 1 1 1 1 1 1 0 1 1  1  1  1  1  1  1  1  1  1  1  1
50: 1 1 1 1 1 1 1 0 0  1  1  1  1  1  1  1  1  1  0  1
51: 1 1 1 1 1 1 1 1 1  1  1  0  1  1  1  1  1  1  1  1
52: 1 1 1 1 1 1 1 1 1  1  1  1  1  1  1  1  1  1  1  1
53: 1 1 1 1 1 0 1 1 1  1  1  1  1  1  1  1  1  1  1  1
54: 1 1 1 1 1 0 1 1 1  1  1  1  1  1  1  1  1  1  1  1
55: 1 1 1 1 0 1 1 1 1  1  1  1  1  1  1  1  1  1  1  1
56: 1 1 1 1 1 1 1 1 1  1  1  1  1  1  1  1  1  0  1  1
57: 1 0 1 1 1 1 1 1 1  1  1  1  1  1  1  1  1  1  1  1
58: 1 1 1 1 1 1 1 0 1  0  1  1  1  1  0  0  1  1  1  1
59: 1 0 1 0 1 1 1 1 1  1  0  1  1  1  1  1  1  1  1  1
60: 1 1 1 1 0 1 1 1 1  1  0  1  1  1  1  1  1  1  1  1


clusters :
    1 2 3 4 5 6 7 8 9 10 11 12 13 14 15 16 17 18 19 20
1:  1 1 1 1 1 1 1 1 1  1  1  1  1  1  1  1  1  1  1  1
2:  1 1 1 1 1 1 0 1 1  1  1  1  1  1  1  1  1  1  1  1
3:  0 1 0 1 1 1 1 1 1  1  1  1  1  1  0  1  1  1  1  1
4:  1 1 1 1 1 1 0 1 1  0  1  1  1  1  1  1  1  1  0  1
5:  1 1 1 1 1 1 1 1 1  1  1  1  1  1  1  1  1  1  1  1
6:  1 1 1 1 1 1 1 1 1  0  1  1  1  1  1  0  1  1  0  1
7:  1 1 1 1 1 1 1 1 1  1  1  1  1  1  1  1  1  1  1  0
8:  1 1 1 1 1 0 1 1 1  1  1  1  1  1  0  1  1  1  1  1
9:  1 1 1 0 1 0 1 1 1  1  1  1  1  0  1  1  1  1  1  0
10: 1 1 1 1 1 1 1 1 1  1  0  1  1  1  0  1  1  1  1  1
11: 1 1 1 1 1 1 1 1 1  1  1  1  1  0  1  1  1  1  0  1
12: 1 1 1 1 1 1 1 1 1  1  1  1  1  1  0  1  1  1  1  0
13: 1 1 1 1 1 1 1 1 0  1  1  1  1  1  0  1  1  1  1  1
14: 0 0 1 1 1 0 1 1 1  1  1  1  1  1  1  1  1  0  1  1
15: 1 1 1 1 1 1 1 1 1  1  1  1  1  1  0  1  1  1  1  1
16: 1 1 1 1 1 1 1 1 1  1  1  0  1  1  1  1  1  1  1  0
17: 1 1 1 1 1 1 1 0 1  1  1  1  1  1  1  1  1  1  1  1
18: 0 1 1 1 1 1 1 1 1  1  1  1  1  1  1  1  1  1  1  1
19: 1 1 1 1 1 1 1 0 1  1  0  1  1  1  1  1  1  1  1  1
20: 0 1 1 1 1 1 0 0 1  1  0  1  1  0  1  1  1  1  1  1
21: 1 1 1 0 1 1 1 1 1  1  1  1  1  1  1  1  1  1  1  1
22: 1 1 1 1 1 1 1 1 1  0  1  1  1  1  1  1  0  1  1  1
23: 1 0 1 1 1 1 1 1 0  1  1  0  1  1  1  1  1  1  0  1
24: 1 1 1 1 1 0 1 1 1  1  1  1  1  1  1  1  1  1  1  1
25: 1 1 1 1 1 1 1 1 0  1  1  1  1  0  1  1  1  1  1  0
26: 1 1 1 1 1 1 1 1 1  1  1  1  1  1  1  1  1  1  1  1
27: 1 1 1 1 1 1 1 1 0  1  1  1  1  1  1  1  1  1  1  1
28: 1 1 0 1 1 1 1 1 1  1  1  1  1  1  1  0  1  1  1  1
29: 1 0 0 1 1 1 1 0 1  1  1  1  0  1  1  1  1  1  1  1
30: 1 1 1 1 1 1 1 1 1  1  1  0  1  1  1  0  1  1  1  0
31: 1 1 0 1 1 1 1 1 1  1  1  1  1  1  1  1  0  1  0  1
32: 1 1 1 1 1 1 1 1 0  1  1  1  0  1  1  1  1  1  1  1
33: 1 1 1 1 1 1 1 1 1  1  1  1  1  0  1  0  1  1  1  1
34: 1 1 1 1 1 1 1 0 1  1  1  0  1  1  1  1  1  1  1  1
35: 0 1 0 1 1 1 1 1 1  1  1  1  1  1  1  1  1  1  1  1
36: 1 1 1 1 1 1 1 1 1  1  1  1  1  1  1  1  1  0  1  1
37: 1 1 1 1 1 1 1 1 1  0  1  1  1  1  1  1  1  1  1  1
38: 1 1 1 1 1 0 1 1 1  1  1  1  1  1  0  1  1  1  1  0
39: 1 0 1 1 1 1 1 1 1  1  1  1  1  1  1  1  1  1  1  1
40: 1 1 0 1 1 0 1 1 1  1  1  1  1  1  1  1  1  0  1  1
41: 1 1 1 1 1 1 1 1 1  1  1  1  1  1  1  1  1  1  1  1
42: 1 0 1 1 1 1 1 1 1  1  1  0  1  1  1  1  1  1  1  1
43: 1 1 1 1 1 0 1 0 1  1  1  1  1  1  1  0  1  1  1  1
44: 1 1 0 1 0 1 1 1 1  1  1  0  1  1  1  1  1  1  1  1
45: 0 1 1 1 1 1 1 1 1  1  1  1  1  0  1  1  1  1  1  0
46: 0 1 1 1 0 0 1 1 1  1  1  0  1  1  1  1  1  1  1  1
47: 1 1 1 1 1 1 1 1 1  0  1  1  0  1  1  1  1  1  1  1
48: 0 1 1 1 1 1 1 1 1  1  1  0  1  1  1  1  1  1  1  1
49: 1 1 1 1 1 1 0 1 1  1  1  1  1  1  1  1  1  1  1  1
50: 1 1 1 1 1 1 1 0 0  1  1  1  1  1  1  1  1  1  0  1
51: 1 1 1 1 1 1 1 1 1  1  1  0  1  1  1  1  1  1  1  1
52: 1 1 1 1 1 1 1 1 1  1  1  1  1  1  1  1  1  1  1  1
53: 1 1 1 1 1 0 1 1 1  1  1  1  1  1  1  1  1  1  1  1
54: 1 1 1 1 1 0 1 1 1  1  1  1  1  1  1  1  1  1  1  1
55: 1 1 1 1 0 1 1 1 1  1  1  1  1  1  1  1  1  1  1  1
56: 1 1 1 1 1 1 1 1 1  1  1  1  1  1  1  1  1  0  1  1
57: 1 0 1 1 1 1 1 1 1  1  1  1  1  1  1  1  1  1  1  1
58: 1 1 1 1 1 1 1 0 1  0  1  1  1  1  0  0  1  1  1  1
59: 1 0 1 0 1 1 1 1 1  1  0  1  1  1  1  1  1  1  1  1
60: 1 1 1 1 0 1 1 1 1  1  0  1  1  1  1  1  1  1  1  1

60 20
    1 2 3 4 5 6 7 8 9 10 11 12 13 14 15 16 17 18 19 20
1:  1 1 1 1 1 1 1 1 1  1  1  1  1  1  1  1  1  1  1  1
2:  1 1 1 1 1 1 0 1 1  1  1  1  1  1  1  1  1  1  1  1
3:  0 1 0 1 1 1 1 1 1  1  1  1  1  1  0  1  1  1  1  1
4:  1 1 1 1 1 1 0 1 1  0  1  1  1  1  1  1  1  1  0  1
5:  1 1 1 1 1 1 1 1 1  1  1  1  1  1  1  1  1  1  1  1
6:  1 1 1 1 1 1 1 1 1  0  1  1  1  1  1  0  1  1  0  1
7:  1 1 1 1 1 1 1 1 1  1  1  1  1  1  1  1  1  1  1  0
8:  1 1 1 1 1 0 1 1 1  1  1  1  1  1  0  1  1  1  1  1
9:  1 1 1 0 1 0 1 1 1  1  1  1  1  0  1  1  1  1  1  0
10: 1 1 1 1 1 1 1 1 1  1  0  1  1  1  0  1  1  1  1  1
11: 1 1 1 1 1 1 1 1 1  1  1  1  1  0  1  1  1  1  0  1
12: 1 1 1 1 1 1 1 1 1  1  1  1  1  1  0  1  1  1  1  0
13: 1 1 1 1 1 1 1 1 0  1  1  1  1  1  0  1  1  1  1  1
14: 0 0 1 1 1 0 1 1 1  1  1  1  1  1  1  1  1  0  1  1
15: 1 1 1 1 1 1 1 1 1  1  1  1  1  1  0  1  1  1  1  1
16: 1 1 1 1 1 1 1 1 1  1  1  0  1  1  1  1  1  1  1  0
17: 1 1 1 1 1 1 1 0 1  1  1  1  1  1  1  1  1  1  1  1
18: 0 1 1 1 1 1 1 1 1  1  1  1  1  1  1  1  1  1  1  1
19: 1 1 1 1 1 1 1 0 1  1  0  1  1  1  1  1  1  1  1  1
20: 0 1 1 1 1 1 0 0 1  1  0  1  1  0  1  1  1  1  1  1
21: 1 1 1 0 1 1 1 1 1  1  1  1  1  1  1  1  1  1  1  1
22: 1 1 1 1 1 1 1 1 1  0  1  1  1  1  1  1  0  1  1  1
23: 1 0 1 1 1 1 1 1 0  1  1  0  1  1  1  1  1  1  0  1
24: 1 1 1 1 1 0 1 1 1  1  1  1  1  1  1  1  1  1  1  1
25: 1 1 1 1 1 1 1 1 0  1  1  1  1  0  1  1  1  1  1  0
26: 1 1 1 1 1 1 1 1 1  1  1  1  1  1  1  1  1  1  1  1
27: 1 1 1 1 1 1 1 1 0  1  1  1  1  1  1  1  1  1  1  1
28: 1 1 0 1 1 1 1 1 1  1  1  1  1  1  1  0  1  1  1  1
29: 1 0 0 1 1 1 1 0 1  1  1  1  0  1  1  1  1  1  1  1
30: 1 1 1 1 1 1 1 1 1  1  1  0  1  1  1  0  1  1  1  0
31: 1 1 0 1 1 1 1 1 1  1  1  1  1  1  1  1  0  1  0  1
32: 1 1 1 1 1 1 1 1 0  1  1  1  0  1  1  1  1  1  1  1
33: 1 1 1 1 1 1 1 1 1  1  1  1  1  0  1  0  1  1  1  1
34: 1 1 1 1 1 1 1 0 1  1  1  0  1  1  1  1  1  1  1  1
35: 0 1 0 1 1 1 1 1 1  1  1  1  1  1  1  1  1  1  1  1
36: 1 1 1 1 1 1 1 1 1  1  1  1  1  1  1  1  1  0  1  1
37: 1 1 1 1 1 1 1 1 1  0  1  1  1  1  1  1  1  1  1  1
38: 1 1 1 1 1 0 1 1 1  1  1  1  1  1  0  1  1  1  1  0
39: 1 0 1 1 1 1 1 1 1  1  1  1  1  1  1  1  1  1  1  1
40: 1 1 0 1 1 0 1 1 1  1  1  1  1  1  1  1  1  0  1  1
41: 1 1 1 1 1 1 1 1 1  1  1  1  1  1  1  1  1  1  1  1
42: 1 0 1 1 1 1 1 1 1  1  1  0  1  1  1  1  1  1  1  1
43: 1 1 1 1 1 0 1 0 1  1  1  1  1  1  1  0  1  1  1  1
44: 1 1 0 1 0 1 1 1 1  1  1  0  1  1  1  1  1  1  1  1
45: 0 1 1 1 1 1 1 1 1  1  1  1  1  0  1  1  1  1  1  0
46: 0 1 1 1 0 0 1 1 1  1  1  0  1  1  1  1  1  1  1  1
47: 1 1 1 1 1 1 1 1 1  0  1  1  0  1  1  1  1  1  1  1
48: 0 1 1 1 1 1 1 1 1  1  1  0  1  1  1  1  1  1  1  1
49: 1 1 1 1 1 1 0 1 1  1  1  1  1  1  1  1  1  1  1  1
50: 1 1 1 1 1 1 1 0 0  1  1  1  1  1  1  1  1  1  0  1
51: 1 1 1 1 1 1 1 1 1  1  1  0  1  1  1  1  1  1  1  1
52: 1 1 1 1 1 1 1 1 1  1  1  1  1  1  1  1  1  1  1  1
53: 1 1 1 1 1 0 1 1 1  1  1  1  1  1  1  1  1  1  1  1
54: 1 1 1 1 1 0 1 1 1  1  1  1  1  1  1  1  1  1  1  1
55: 1 1 1 1 0 1 1 1 1  1  1  1  1  1  1  1  1  1  1  1
56: 1 1 1 1 1 1 1 1 1  1  1  1  1  1  1  1  1  0  1  1
57: 1 0 1 1 1 1 1 1 1  1  1  1  1  1  1  1  1  1  1  1
58: 1 1 1 1 1 1 1 0 1  0  1  1  1  1  0  0  1  1  1  1
59: 1 0 1 0 1 1 1 1 1  1  0  1  1  1  1  1  1  1  1  1
60: 1 1 1 1 0 1 1 1 1  1  0  1  1  1  1  1  1  1  1  1


clusters :
   2 4 5 6 7 8 9 10 11 12 13 14 16 17 18 19 20
3: 1 1 1 1 1 1 1  1  1  1  1  1  1  1  1  1  1

   1 2 3 4 5 6 8 9 11 12 13 14 15 16 17 18 20
4: 1 1 1 1 1 1 1 1  1  1  1  1  1  1  1  1  1

   1 2 3 4 5 6 7 8 9 11 12 13 14 15 17 18 20
6: 1 1 1 1 1 1 1 1 1  1  1  1  1  1  1  1  1

   1 2 3 4 5 6 7 8 9 10 11 12 13 14 15 16 17 18 19
7: 1 1 1 1 1 1 1 1 1  1  1  1  1  1  1  1  1  1  1

   1 2 3 4 5 7 8 9 10 11 12 13 14 16 17 18 19 20
8: 1 1 1 1 1 1 1 1  1  1  1  1  1  1  1  1  1  1

   1 2 3 5 7 8 9 10 11 12 13 15 16 17 18 19
9: 1 1 1 1 1 1 1  1  1  1  1  1  1  1  1  1

   1 2 3 4 5 6 7 8 9 10 12 13 14 16 17 18 19 20
10: 1 1 1 1 1 1 1 1 1  1  1  1  1  1  1  1  1  1

    1 2 3 4 5 6 7 8 9 10 11 12 13 15 16 17 18 20
11: 1 1 1 1 1 1 1 1 1  1  1  1  1  1  1  1  1  1

    1 2 3 4 5 6 7 8 9 10 11 12 13 14 16 17 18 19
12: 1 1 1 1 1 1 1 1 1  1  1  1  1  1  1  1  1  1

    1 2 3 4 5 6 7 8 10 11 12 13 14 16 17 18 19 20
13: 1 1 1 1 1 1 1 1  1  1  1  1  1  1  1  1  1  1

    3 4 5 7 8 9 10 11 12 13 14 15 16 17 19 20
14: 1 1 1 1 1 1  1  1  1  1  1  1  1  1  1  1

    1 2 3 4 5 6 7 8 9 10 11 12 13 14 16 17 18 19 20
15: 1 1 1 1 1 1 1 1 1  1  1  1  1  1  1  1  1  1  1

    1 2 3 4 5 6 7 8 9 10 11 13 14 15 16 17 18 19
16: 1 1 1 1 1 1 1 1 1  1  1  1  1  1  1  1  1  1

    1 2 3 4 5 6 7 9 10 11 12 13 14 15 16 17 18 19 20
17: 1 1 1 1 1 1 1 1  1  1  1  1  1  1  1  1  1  1  1

    2 3 4 5 6 7 8 9 10 11 12 13 14 15 16 17 18 19 20
18: 1 1 1 1 1 1 1 1  1  1  1  1  1  1  1  1  1  1  1

    1 2 3 4 5 6 7 9 10 12 13 14 15 16 17 18 19 20
19: 1 1 1 1 1 1 1 1  1  1  1  1  1  1  1  1  1  1

    2 3 4 5 6 9 10 12 13 15 16 17 18 19 20
20: 1 1 1 1 1 1  1  1  1  1  1  1  1  1  1

    1 2 3 5 6 7 8 9 10 11 12 13 14 15 16 17 18 19 20
21: 1 1 1 1 1 1 1 1  1  1  1  1  1  1  1  1  1  1  1

    1 2 3 4 5 6 7 8 9 11 12 13 14 15 16 18 19 20
22: 1 1 1 1 1 1 1 1 1  1  1  1  1  1  1  1  1  1

    1 3 4 5 6 7 8 10 11 13 14 15 16 17 18 20
23: 1 1 1 1 1 1 1  1  1  1  1  1  1  1  1  1

    1 2 3 4 5 6 7 8 10 11 12 13 15 16 17 18 19
25: 1 1 1 1 1 1 1 1  1  1  1  1  1  1  1  1  1

    1 2 3 4 5 6 7 8 10 11 12 13 14 15 16 17 18 19 20
27: 1 1 1 1 1 1 1 1  1  1  1  1  1  1  1  1  1  1  1

    1 2 4 5 6 7 8 9 10 11 12 13 14 15 17 18 19 20
28: 1 1 1 1 1 1 1 1  1  1  1  1  1  1  1  1  1  1

    1 4 5 6 7 9 10 11 12 14 15 16 17 18 19 20
29: 1 1 1 1 1 1  1  1  1  1  1  1  1  1  1  1

    1 2 3 4 5 6 7 8 9 10 11 13 14 15 17 18 19
30: 1 1 1 1 1 1 1 1 1  1  1  1  1  1  1  1  1

    1 2 4 5 6 7 8 9 10 11 12 13 14 15 16 18 20
31: 1 1 1 1 1 1 1 1  1  1  1  1  1  1  1  1  1

    1 2 3 4 5 6 7 8 10 11 12 14 15 16 17 18 19 20
32: 1 1 1 1 1 1 1 1  1  1  1  1  1  1  1  1  1  1

    1 2 3 4 5 6 7 8 9 10 11 12 13 15 17 18 19 20
33: 1 1 1 1 1 1 1 1 1  1  1  1  1  1  1  1  1  1

    1 2 3 4 5 6 7 9 10 11 13 14 15 16 17 18 19 20
34: 1 1 1 1 1 1 1 1  1  1  1  1  1  1  1  1  1  1

    2 4 5 6 7 8 9 10 11 12 13 14 15 16 17 18 19 20
35: 1 1 1 1 1 1 1  1  1  1  1  1  1  1  1  1  1  1

    1 2 3 4 5 6 7 8 9 11 12 13 14 15 16 17 18 19 20
37: 1 1 1 1 1 1 1 1 1  1  1  1  1  1  1  1  1  1  1

    1 2 3 4 5 7 8 9 10 11 12 13 14 16 17 18 19
38: 1 1 1 1 1 1 1 1  1  1  1  1  1  1  1  1  1

    1 2 4 5 7 8 9 10 11 12 13 14 15 16 17 19 20
40: 1 1 1 1 1 1 1  1  1  1  1  1  1  1  1  1  1

    1 3 4 5 6 7 8 9 10 11 13 14 15 16 17 18 19 20
42: 1 1 1 1 1 1 1 1  1  1  1  1  1  1  1  1  1  1

    1 2 3 4 5 7 9 10 11 12 13 14 15 17 18 19 20
43: 1 1 1 1 1 1 1  1  1  1  1  1  1  1  1  1  1

    1 2 4 6 7 8 9 10 11 13 14 15 16 17 18 19 20
44: 1 1 1 1 1 1 1  1  1  1  1  1  1  1  1  1  1

    2 3 4 5 6 7 8 9 10 11 12 13 15 16 17 18 19
45: 1 1 1 1 1 1 1 1  1  1  1  1  1  1  1  1  1

    2 3 4 7 8 9 10 11 13 14 15 16 17 18 19 20
46: 1 1 1 1 1 1  1  1  1  1  1  1  1  1  1  1

    1 2 3 4 5 6 7 8 9 11 12 14 15 16 17 18 19 20
47: 1 1 1 1 1 1 1 1 1  1  1  1  1  1  1  1  1  1

    2 3 4 5 6 7 8 9 10 11 13 14 15 16 17 18 19 20
48: 1 1 1 1 1 1 1 1  1  1  1  1  1  1  1  1  1  1

    1 2 3 4 5 6 7 10 11 12 13 14 15 16 17 18 20
50: 1 1 1 1 1 1 1  1  1  1  1  1  1  1  1  1  1

    1 2 3 4 5 6 7 8 9 10 11 13 14 15 16 17 18 19 20
51: 1 1 1 1 1 1 1 1 1  1  1  1  1  1  1  1  1  1  1

    1 2 3 4 6 7 8 9 10 11 12 13 14 15 16 17 18 19 20
55: 1 1 1 1 1 1 1 1  1  1  1  1  1  1  1  1  1  1  1

    1 2 3 4 5 6 7 9 11 12 13 14 17 18 19 20
58: 1 1 1 1 1 1 1 1  1  1  1  1  1  1  1  1

    1 3 5 6 7 8 9 10 12 13 14 15 16 17 18 19 20
59: 1 1 1 1 1 1 1  1  1  1  1  1  1  1  1  1  1

    1 2 3 4 6 7 8 9 10 12 13 14 15 16 17 18 19 20
60: 1 1 1 1 1 1 1 1  1  1  1  1  1  1  1  1  1  1

    1 3 4 5 6 7 8 9 10 11 12 13 14 15 16 17 18 19 20
39: 1 1 1 1 1 1 1 1  1  1  1  1  1  1  1  1  1  1  1
57: 1 1 1 1 1 1 1 1  1  1  1  1  1  1  1  1  1  1  1

    1 2 3 4 5 6 7 8 9 10 11 12 13 14 15 16 17 19 20
36: 1 1 1 1 1 1 1 1 1  1  1  1  1  1  1  1  1  1  1
56: 1 1 1 1 1 1 1 1 1  1  1  1  1  1  1  1  1  1  1

    1 2 3 4 5 7 8 9 10 11 12 13 14 15 16 17 18 19 20
24: 1 1 1 1 1 1 1 1  1  1  1  1  1  1  1  1  1  1  1
53: 1 1 1 1 1 1 1 1  1  1  1  1  1  1  1  1  1  1  1
54: 1 1 1 1 1 1 1 1  1  1  1  1  1  1  1  1  1  1  1

    1 2 3 4 5 6 8 9 10 11 12 13 14 15 16 17 18 19 20
2:  1 1 1 1 1 1 1 1  1  1  1  1  1  1  1  1  1  1  1
49: 1 1 1 1 1 1 1 1  1  1  1  1  1  1  1  1  1  1  1

    1 2 3 4 5 6 7 8 9 10 11 12 13 14 15 16 17 18 19 20
1:  1 1 1 1 1 1 1 1 1  1  1  1  1  1  1  1  1  1  1  1
5:  1 1 1 1 1 1 1 1 1  1  1  1  1  1  1  1  1  1  1  1
26: 1 1 1 1 1 1 1 1 1  1  1  1  1  1  1  1  1  1  1  1
41: 1 1 1 1 1 1 1 1 1  1  1  1  1  1  1  1  1  1  1  1
52: 1 1 1 1 1 1 1 1 1  1  1  1  1  1  1  1  1  1  1  1

