105 20
     1 2 3 4 5 6 7 8 9 10 11 12 13 14 15 16 17 18 19 20
1:   0 0 0 0 1 0 1 1 0  0  0  0  0  0  0  0  0  0  1  1
2:   0 0 0 0 0 0 0 0 0  0  0  0  0  0  0  0  0  0  0  0
3:   1 0 0 0 0 0 0 0 1  0  1  0  1  1  1  0  0  1  1  0
4:   0 0 0 1 0 1 0 0 0  0  0  0  1  0  1  0  0  0  1  0
5:   0 0 1 1 0 0 0 0 0  0  0  1  0  0  0  0  0  1  0  1
6:   0 0 0 0 0 1 0 0 0  1  0  0  0  0  0  0  1  0  0  0
7:   1 1 0 0 1 0 0 0 0  1  0  0  0  0  1  0  1  0  0  0
8:   0 0 1 0 0 0 0 0 0  0  0  1  1  0  0  0  0  1  0  1
9:   0 0 0 1 0 0 0 0 0  0  0  0  0  1  1  0  0  1  0  1
10:  0 0 0 0 0 0 0 0 0  0  1  0  0  0  0  0  1  0  0  0
11:  0 0 0 0 0 0 0 0 0  0  0  0  0  0  0  0  0  0  0  0
12:  1 0 0 0 0 0 0 0 1  0  1  0  0  0  1  1  0  0  0  0
13:  1 0 0 0 0 1 0 0 0  0  0  0  1  0  0  1  0  0  0  0
14:  1 0 0 0 0 1 1 0 0  0  1  0  0  0  0  0  0  1  0  0
15:  0 0 0 1 0 0 0 0 1  0  0  0  0  0  0  1  0  1  0  0
16:  0 0 1 1 1 0 0 0 0  0  0  1  1  1  0  0  1  1  1  0
17:  1 0 0 0 0 0 0 0 0  1  0  0  0  0  1  0  1  0  0  0
18:  0 0 1 1 0 1 1 0 0  0  0  0  0  0  0  1  0  0  1  0
19:  0 1 0 0 0 0 0 0 0  0  1  0  0  0  0  0  0  0  1  0
20:  1 1 0 0 0 0 0 0 0  0  0  1  0  0  0  0  0  1  0  0
21:  0 0 1 0 1 0 0 0 1  0  1  0  0  1  1  0  0  0  1  0
22:  0 0 0 0 0 0 1 0 0  0  1  0  0  0  0  0  0  0  1  0
23:  0 0 0 0 0 0 0 0 0  0  0  1  0  0  0  0  0  0  0  1
24:  0 0 0 1 0 1 0 1 0  0  0  1  1  0  0  0  0  0  1  0
25:  1 1 1 0 0 0 0 0 0  0  0  0  0  1  1  1  0  0  0  1
26:  0 0 0 0 0 0 0 0 0  0  0  0  0  1  0  0  0  0  0  1
27:  0 0 0 1 1 0 0 0 0  0  1  0  0  0  0  0  0  0  0  0
28:  0 1 0 1 0 0 0 0 1  0  1  0  0  0  0  1  0  0  0  0
29:  0 0 0 0 0 0 0 0 0  0  0  0  0  0  0  0  0  0  0  0
30:  0 1 0 0 0 0 0 1 1  1  0  0  0  1  0  0  0  0  0  1
31:  0 0 0 0 0 0 0 0 0  0  0  1  0  0  0  1  0  0  0  0
32:  0 0 1 0 0 0 0 1 0  0  0  0  0  0  0  0  0  0  0  0
33:  0 1 0 1 0 0 0 0 0  0  1  0  0  0  0  0  0  0  1  0
34:  0 1 0 1 0 1 0 1 0  1  1  0  0  0  0  0  0  0  0  1
35:  0 0 0 1 0 0 1 0 0  0  1  0  1  0  0  0  0  1  0  0
36:  0 0 0 1 1 0 0 0 1  1  0  0  0  0  0  0  0  1  0  0
37:  1 0 1 0 0 1 0 1 0  1  0  0  0  1  0  0  0  0  0  0
38:  0 0 0 0 0 1 0 0 0  0  0  0  0  0  1  0  1  0  0  0
39:  0 0 0 0 0 0 0 1 0  0  1  0  0  0  0  1  0  1  0  0
40:  0 0 0 0 0 1 0 0 0  0  1  1  0  1  0  0  1  1  0  0
41:  1 0 0 0 1 1 1 0 0  0  0  0  0  0  0  0  0  0  0  0
42:  0 0 0 0 0 0 0 0 0  0  0  0  0  0  0  0  0  1  0  0
43:  0 1 0 0 1 0 0 0 0  0  0  0  0  0  0  0  0  0  0  0
44:  0 0 0 1 0 0 1 0 1  0  1  0  0  0  0  0  1  0  0  0
45:  0 0 0 0 0 0 0 0 0  1  1  1  0  1  0  0  1  1  0  0
46:  0 0 0 0 0 0 1 0 0  0  1  0  0  0  0  0  0  0  1  0
47:  0 0 0 0 1 0 0 0 0  0  0  0  1  0  0  1  0  0  0  0
48:  0 0 1 0 0 0 0 0 0  0  0  0  1  0  0  0  1  0  0  0
49:  0 0 0 0 0 0 0 0 0  0  0  0  0  0  0  0  1  1  0  0
50:  1 0 1 0 0 0 0 0 1  0  0  1  0  0  1  0  0  0  0  0
51:  0 0 0 0 0 0 0 0 0  0  1  0  0  0  0  0  0  0  0  0
52:  0 0 0 1 0 0 0 0 1  0  0  1  0  0  1  0  0  0  0  0
53:  0 0 0 0 1 0 1 0 0  1  0  0  0  0  0  0  0  0  0  0
54:  0 0 0 1 0 0 0 0 0  0  0  1  0  0  1  0  0  1  0  0
55:  0 0 0 0 0 0 0 0 0  0  0  0  0  0  0  0  0  0  1  0
56:  1 0 0 0 0 0 0 0 1  0  0  1  0  0  0  0  0  0  1  0
57:  1 0 1 1 0 0 1 0 0  0  0  0  0  0  0  0  0  0  0  0
58:  0 0 0 0 1 1 1 0 1  0  0  0  0  0  0  0  1  0  0  0
59:  0 0 0 0 1 0 0 1 0  0  0  1  0  0  0  1  1  0  0  0
60:  0 1 1 0 0 1 0 0 0  1  0  1  0  0  1  0  0  1  0  0
61:  0 1 0 0 0 0 0 1 0  0  0  0  0  0  0  0  0  0  0  1
62:  0 0 1 0 0 0 0 0 0  0  0  0  0  0  0  0  0  0  0  0
63:  0 0 0 0 0 0 1 1 0  0  0  0  0  0  0  0  0  0  0  0
64:  0 0 0 0 0 0 0 0 0  1  0  0  0  0  0  0  0  0  0  1
65:  0 0 1 0 1 0 0 0 0  0  0  0  0  0  0  1  0  0  0  1
66:  1 1 0 0 0 0 1 0 0  0  0  0  0  1  1  1  0  0  0  0
67:  1 0 1 0 0 0 0 0 0  0  0  0  0  1  0  0  0  0  1  1
68:  0 0 0 0 0 0 0 1 1  0  0  1  1  0  1  0  0  0  0  0
69:  1 0 0 0 1 0 0 1 0  0  0  0  0  0  0  1  0  0  0  1
70:  0 0 0 1 0 0 0 0 0  0  0  1  0  0  0  0  0  0  0  1
71:  0 1 0 0 0 0 1 0 0  0  1  0  1  0  0  0  0  0  0  0
72:  0 0 0 0 0 0 0 0 1  0  0  0  0  0  0  1  1  0  0  0
73:  0 0 1 0 1 0 0 0 0  0  1  0  1  0  0  0  0  1  0  1
74:  1 0 0 0 0 0 0 0 0  0  1  0  0  0  0  0  0  0  0  0
75:  0 1 1 0 0 0 0 0 1  0  0  1  1  0  0  1  0  0  0  0
76:  0 0 1 0 1 1 1 0 0  0  0  0  0  0  0  0  1  0  0  1
77:  1 0 1 0 0 1 0 0 0  0  0  0  1  1  0  1  1  0  0  0
78:  1 0 1 0 1 0 0 0 0  1  0  0  0  0  0  0  0  0  0  1
79:  0 0 0 0 0 0 1 0 0  0  0  0  0  0  0  0  0  0  1  0
80:  1 0 0 0 0 0 0 1 0  0  1  0  1  1  0  0  0  0  0  0
81:  1 0 0 1 0 0 0 0 0  0  1  0  0  1  0  0  0  0  1  0
82:  0 1 0 0 0 0 1 1 0  0  0  0  0  0  0  0  0  0  0  1
83:  0 1 1 0 1 0 0 0 0  0  0  0  0  0  0  0  0  0  0  0
84:  0 0 0 0 0 0 0 0 0  0  0  1  0  0  1  0  0  0  0  0
85:  0 0 0 1 0 0 0 0 1  1  0  0  0  0  0  1  0  0  1  0
86:  0 0 0 0 0 0 0 0 0  0  0  0  0  0  0  0  0  0  0  0
87:  0 1 0 0 0 0 0 0 0  0  0  0  0  0  0  1  0  1  0  0
88:  1 0 0 0 0 0 0 0 0  1  0  0  0  1  0  1  0  1  0  0
89:  0 0 0 0 0 0 0 0 0  0  0  0  0  1  0  0  1  0  0  0
90:  0 0 0 0 1 0 0 0 0  0  0  0  0  0  0  1  0  1  0  0
91:  1 0 0 0 0 1 1 0 0  0  0  0  0  0  0  0  0  0  0  0
92:  0 0 0 1 0 0 0 0 1  0  0  0  1  0  0  1  1  0  0  0
93:  0 0 0 0 0 0 0 1 1  0  1  1  0  0  0  0  0  0  0  1
94:  0 0 1 0 0 0 0 0 0  1  1  0  1  0  0  1  0  1  0  0
95:  0 0 0 0 1 1 0 0 0  0  0  0  0  0  0  0  0  0  0  1
96:  0 0 0 0 0 0 0 0 1  0  0  0  1  0  1  0  0  0  0  0
97:  0 0 0 0 0 0 0 0 0  1  0  0  0  0  0  0  0  1  0  0
98:  1 0 0 0 0 0 0 1 0  0  0  0  0  1  0  0  0  0  1  1
99:  0 0 0 0 1 0 1 0 0  0  0  0  0  0  0  0  0  1  0  1
100: 0 0 0 0 0 0 1 0 0  1  1  1  0  0  0  0  0  0  1  0
101: 0 1 0 0 0 0 0 0 0  0  0  0  0  0  0  0  0  0  0  0
102: 0 0 0 1 1 0 0 1 0  0  0  0  1  1  0  0  0  0  0  0
103: 0 1 0 0 0 0 1 0 0  0  1  1  0  0  1  0  0  0  0  1
104: 0 0 0 0 0 0 0 0 0  0  0  0  0  0  1  0  0  1  1  1
105: 0 0 0 0 0 0 0 0 1  0  0  1  0  0  0  1  0  0  0  1


clusters :
     1 2 3 4 5 6 7 8 9 10 11 12 13 14 15 16 17 18 19 20
1:   0 0 0 0 1 0 1 1 0  0  0  0  0  0  0  0  0  0  1  1
2:   0 0 0 0 0 0 0 0 0  0  0  0  0  0  0  0  0  0  0  0
3:   1 0 0 0 0 0 0 0 1  0  1  0  1  1  1  0  0  1  1  0
4:   0 0 0 1 0 1 0 0 0  0  0  0  1  0  1  0  0  0  1  0
5:   0 0 1 1 0 0 0 0 0  0  0  1  0  0  0  0  0  1  0  1
6:   0 0 0 0 0 1 0 0 0  1  0  0  0  0  0  0  1  0  0  0
7:   1 1 0 0 1 0 0 0 0  1  0  0  0  0  1  0  1  0  0  0
8:   0 0 1 0 0 0 0 0 0  0  0  1  1  0  0  0  0  1  0  1
9:   0 0 0 1 0 0 0 0 0  0  0  0  0  1  1  0  0  1  0  1
10:  0 0 0 0 0 0 0 0 0  0  1  0  0  0  0  0  1  0  0  0
11:  0 0 0 0 0 0 0 0 0  0  0  0  0  0  0  0  0  0  0  0
12:  1 0 0 0 0 0 0 0 1  0  1  0  0  0  1  1  0  0  0  0
13:  1 0 0 0 0 1 0 0 0  0  0  0  1  0  0  1  0  0  0  0
14:  1 0 0 0 0 1 1 0 0  0  1  0  0  0  0  0  0  1  0  0
15:  0 0 0 1 0 0 0 0 1  0  0  0  0  0  0  1  0  1  0  0
16:  0 0 1 1 1 0 0 0 0  0  0  1  1  1  0  0  1  1  1  0
17:  1 0 0 0 0 0 0 0 0  1  0  0  0  0  1  0  1  0  0  0
18:  0 0 1 1 0 1 1 0 0  0  0  0  0  0  0  1  0  0  1  0
19:  0 1 0 0 0 0 0 0 0  0  1  0  0  0  0  0  0  0  1  0
20:  1 1 0 0 0 0 0 0 0  0  0  1  0  0  0  0  0  1  0  0
21:  0 0 1 0 1 0 0 0 1  0  1  0  0  1  1  0  0  0  1  0
22:  0 0 0 0 0 0 1 0 0  0  1  0  0  0  0  0  0  0  1  0
23:  0 0 0 0 0 0 0 0 0  0  0  1  0  0  0  0  0  0  0  1
24:  0 0 0 1 0 1 0 1 0  0  0  1  1  0  0  0  0  0  1  0
25:  1 1 1 0 0 0 0 0 0  0  0  0  0  1  1  1  0  0  0  1
26:  0 0 0 0 0 0 0 0 0  0  0  0  0  1  0  0  0  0  0  1
27:  0 0 0 1 1 0 0 0 0  0  1  0  0  0  0  0  0  0  0  0
28:  0 1 0 1 0 0 0 0 1  0  1  0  0  0  0  1  0  0  0  0
29:  0 0 0 0 0 0 0 0 0  0  0  0  0  0  0  0  0  0  0  0
30:  0 1 0 0 0 0 0 1 1  1  0  0  0  1  0  0  0  0  0  1
31:  0 0 0 0 0 0 0 0 0  0  0  1  0  0  0  1  0  0  0  0
32:  0 0 1 0 0 0 0 1 0  0  0  0  0  0  0  0  0  0  0  0
33:  0 1 0 1 0 0 0 0 0  0  1  0  0  0  0  0  0  0  1  0
34:  0 1 0 1 0 1 0 1 0  1  1  0  0  0  0  0  0  0  0  1
35:  0 0 0 1 0 0 1 0 0  0  1  0  1  0  0  0  0  1  0  0
36:  0 0 0 1 1 0 0 0 1  1  0  0  0  0  0  0  0  1  0  0
37:  1 0 1 0 0 1 0 1 0  1  0  0  0  1  0  0  0  0  0  0
38:  0 0 0 0 0 1 0 0 0  0  0  0  0  0  1  0  1  0  0  0
39:  0 0 0 0 0 0 0 1 0  0  1  0  0  0  0  1  0  1  0  0
40:  0 0 0 0 0 1 0 0 0  0  1  1  0  1  0  0  1  1  0  0
41:  1 0 0 0 1 1 1 0 0  0  0  0  0  0  0  0  0  0  0  0
42:  0 0 0 0 0 0 0 0 0  0  0  0  0  0  0  0  0  1  0  0
43:  0 1 0 0 1 0 0 0 0  0  0  0  0  0  0  0  0  0  0  0
44:  0 0 0 1 0 0 1 0 1  0  1  0  0  0  0  0  1  0  0  0
45:  0 0 0 0 0 0 0 0 0  1  1  1  0  1  0  0  1  1  0  0
46:  0 0 0 0 0 0 1 0 0  0  1  0  0  0  0  0  0  0  1  0
47:  0 0 0 0 1 0 0 0 0  0  0  0  1  0  0  1  0  0  0  0
48:  0 0 1 0 0 0 0 0 0  0  0  0  1  0  0  0  1  0  0  0
49:  0 0 0 0 0 0 0 0 0  0  0  0  0  0  0  0  1  1  0  0
50:  1 0 1 0 0 0 0 0 1  0  0  1  0  0  1  0  0  0  0  0
51:  0 0 0 0 0 0 0 0 0  0  1  0  0  0  0  0  0  0  0  0
52:  0 0 0 1 0 0 0 0 1  0  0  1  0  0  1  0  0  0  0  0
53:  0 0 0 0 1 0 1 0 0  1  0  0  0  0  0  0  0  0  0  0
54:  0 0 0 1 0 0 0 0 0  0  0  1  0  0  1  0  0  1  0  0
55:  0 0 0 0 0 0 0 0 0  0  0  0  0  0  0  0  0  0  1  0
56:  1 0 0 0 0 0 0 0 1  0  0  1  0  0  0  0  0  0  1  0
57:  1 0 1 1 0 0 1 0 0  0  0  0  0  0  0  0  0  0  0  0
58:  0 0 0 0 1 1 1 0 1  0  0  0  0  0  0  0  1  0  0  0
59:  0 0 0 0 1 0 0 1 0  0  0  1  0  0  0  1  1  0  0  0
60:  0 1 1 0 0 1 0 0 0  1  0  1  0  0  1  0  0  1  0  0
61:  0 1 0 0 0 0 0 1 0  0  0  0  0  0  0  0  0  0  0  1
62:  0 0 1 0 0 0 0 0 0  0  0  0  0  0  0  0  0  0  0  0
63:  0 0 0 0 0 0 1 1 0  0  0  0  0  0  0  0  0  0  0  0
64:  0 0 0 0 0 0 0 0 0  1  0  0  0  0  0  0  0  0  0  1
65:  0 0 1 0 1 0 0 0 0  0  0  0  0  0  0  1  0  0  0  1
66:  1 1 0 0 0 0 1 0 0  0  0  0  0  1  1  1  0  0  0  0
67:  1 0 1 0 0 0 0 0 0  0  0  0  0  1  0  0  0  0  1  1
68:  0 0 0 0 0 0 0 1 1  0  0  1  1  0  1  0  0  0  0  0
69:  1 0 0 0 1 0 0 1 0  0  0  0  0  0  0  1  0  0  0  1
70:  0 0 0 1 0 0 0 0 0  0  0  1  0  0  0  0  0  0  0  1
71:  0 1 0 0 0 0 1 0 0  0  1  0  1  0  0  0  0  0  0  0
72:  0 0 0 0 0 0 0 0 1  0  0  0  0  0  0  1  1  0  0  0
73:  0 0 1 0 1 0 0 0 0  0  1  0  1  0  0  0  0  1  0  1
74:  1 0 0 0 0 0 0 0 0  0  1  0  0  0  0  0  0  0  0  0
75:  0 1 1 0 0 0 0 0 1  0  0  1  1  0  0  1  0  0  0  0
76:  0 0 1 0 1 1 1 0 0  0  0  0  0  0  0  0  1  0  0  1
77:  1 0 1 0 0 1 0 0 0  0  0  0  1  1  0  1  1  0  0  0
78:  1 0 1 0 1 0 0 0 0  1  0  0  0  0  0  0  0  0  0  1
79:  0 0 0 0 0 0 1 0 0  0  0  0  0  0  0  0  0  0  1  0
80:  1 0 0 0 0 0 0 1 0  0  1  0  1  1  0  0  0  0  0  0
81:  1 0 0 1 0 0 0 0 0  0  1  0  0  1  0  0  0  0  1  0
82:  0 1 0 0 0 0 1 1 0  0  0  0  0  0  0  0  0  0  0  1
83:  0 1 1 0 1 0 0 0 0  0  0  0  0  0  0  0  0  0  0  0
84:  0 0 0 0 0 0 0 0 0  0  0  1  0  0  1  0  0  0  0  0
85:  0 0 0 1 0 0 0 0 1  1  0  0  0  0  0  1  0  0  1  0
86:  0 0 0 0 0 0 0 0 0  0  0  0  0  0  0  0  0  0  0  0
87:  0 1 0 0 0 0 0 0 0  0  0  0  0  0  0  1  0  1  0  0
88:  1 0 0 0 0 0 0 0 0  1  0  0  0  1  0  1  0  1  0  0
89:  0 0 0 0 0 0 0 0 0  0  0  0  0  1  0  0  1  0  0  0
90:  0 0 0 0 1 0 0 0 0  0  0  0  0  0  0  1  0  1  0  0
91:  1 0 0 0 0 1 1 0 0  0  0  0  0  0  0  0  0  0  0  0
92:  0 0 0 1 0 0 0 0 1  0  0  0  1  0  0  1  1  0  0  0
93:  0 0 0 0 0 0 0 1 1  0  1  1  0  0  0  0  0  0  0  1
94:  0 0 1 0 0 0 0 0 0  1  1  0  1  0  0  1  0  1  0  0
95:  0 0 0 0 1 1 0 0 0  0  0  0  0  0  0  0  0  0  0  1
96:  0 0 0 0 0 0 0 0 1  0  0  0  1  0  1  0  0  0  0  0
97:  0 0 0 0 0 0 0 0 0  1  0  0  0  0  0  0  0  1  0  0
98:  1 0 0 0 0 0 0 1 0  0  0  0  0  1  0  0  0  0  1  1
99:  0 0 0 0 1 0 1 0 0  0  0  0  0  0  0  0  0  1  0  1
100: 0 0 0 0 0 0 1 0 0  1  1  1  0  0  0  0  0  0  1  0
101: 0 1 0 0 0 0 0 0 0  0  0  0  0  0  0  0  0  0  0  0
102: 0 0 0 1 1 0 0 1 0  0  0  0  1  1  0  0  0  0  0  0
103: 0 1 0 0 0 0 1 0 0  0  1  1  0  0  1  0  0  0  0  1
104: 0 0 0 0 0 0 0 0 0  0  0  0  0  0  1  0  0  1  1  1
105: 0 0 0 0 0 0 0 0 1  0  0  1  0  0  0  1  0  0  0  1

