70 20
    1 2 3 4 5 6 7 8 9 10 11 12 13 14 15 16 17 18 19 20
1:  1 1 1 1 1 0 1 1 1  1  1  1  1  1  1  1  1  1  1  1
2:  1 1 1 0 1 1 1 0 1  1  1  1  1  0  1  1  0  0  1  1
3:  1 1 1 1 1 1 1 0 1  1  1  1  0  1  0  1  1  1  1  1
4:  1 1 1 1 1 1 1 1 1  1  1  1  1  1  1  1  1  1  1  0
5:  1 1 1 1 1 1 1 1 1  1  1  1  1  0  0  1  1  1  1  1
6:  1 1 1 1 1 1 1 0 1  1  1  1  1  1  1  1  1  1  1  1
7:  1 1 1 1 1 1 1 1 1  1  1  1  0  1  0  1  1  1  0  1
8:  1 1 1 0 0 1 1 1 1  1  1  1  1  1  0  1  1  1  1  1
9:  0 1 0 1 1 1 1 1 1  1  1  1  1  1  1  1  0  1  1  1
10: 1 1 1 1 1 1 1 0 1  1  1  1  1  0  1  1  1  1  1  1
11: 1 1 1 1 0 1 1 1 1  1  1  1  1  1  1  1  1  0  1  1
12: 1 1 1 1 1 1 1 1 1  1  1  1  1  1  1  1  1  1  1  1
13: 1 1 1 1 1 1 1 1 1  1  1  1  1  1  1  1  1  1  1  1
14: 1 1 1 1 1 1 1 1 1  1  1  1  1  1  1  1  1  1  1  1
15: 1 1 1 1 1 1 1 1 1  1  1  1  1  1  1  1  1  0  1  0
16: 1 1 1 1 1 1 1 1 1  1  1  1  1  1  1  1  1  0  1  1
17: 1 1 1 1 1 0 1 1 1  1  1  1  0  1  1  1  1  1  1  1
18: 0 0 1 1 1 1 1 1 1  1  1  1  1  1  1  1  0  1  1  1
19: 0 1 1 1 1 1 1 1 1  1  1  1  1  1  1  1  1  0  1  1
20: 0 1 1 1 1 1 1 1 1  1  1  1  1  1  1  1  0  1  0  0
21: 0 1 1 1 1 1 1 1 1  0  1  1  1  1  1  1  1  1  0  1
22: 0 1 1 1 1 1 1 1 1  1  1  1  1  1  0  1  1  1  1  1
23: 0 1 1 1 0 1 1 1 1  1  0  1  0  1  1  1  1  0  1  1
24: 1 1 1 1 1 1 1 0 0  1  1  1  1  1  1  1  1  1  1  1
25: 0 1 0 1 1 0 0 1 1  1  1  1  1  1  0  1  1  1  1  1
26: 1 1 0 1 1 1 1 0 1  1  1  1  1  1  1  1  1  1  1  1
27: 1 1 1 1 1 1 1 1 1  1  1  1  1  1  1  1  1  1  1  1
28: 1 1 1 1 1 1 1 1 1  1  1  1  1  1  1  1  0  1  1  1
29: 1 1 1 1 1 1 1 1 1  1  1  1  1  1  1  1  1  1  1  1
30: 1 1 1 1 1 1 1 1 1  1  1  0  0  0  1  1  1  1  1  1
31: 1 1 1 1 1 1 1 1 0  1  1  1  1  1  1  1  1  1  1  0
32: 1 0 1 1 1 1 1 1 1  1  1  1  1  1  0  1  1  1  1  1
33: 1 1 1 1 0 1 1 1 0  1  1  1  0  1  1  1  1  1  1  0
34: 1 0 1 1 1 0 1 1 1  1  1  1  1  1  1  1  1  1  1  1
35: 1 1 1 1 1 0 1 0 1  1  1  1  1  1  1  0  1  1  1  1
36: 1 1 1 1 1 1 0 1 1  1  1  1  1  1  1  1  1  1  1  1
37: 1 1 0 1 1 1 0 1 1  0  1  1  1  1  1  1  1  1  1  1
38: 1 1 1 1 1 1 1 0 0  1  1  1  1  1  0  1  1  1  0  1
39: 1 1 1 1 1 0 1 1 1  1  1  1  1  1  1  1  0  1  1  1
40: 1 1 1 1 1 1 1 1 0  1  1  1  0  1  1  1  1  1  1  1
41: 0 1 1 1 1 1 1 0 1  1  1  1  0  0  1  1  0  1  1  1
42: 1 1 1 1 1 1 1 1 1  1  1  1  1  1  1  1  1  1  1  1
43: 1 1 1 1 1 1 1 1 1  1  1  1  1  1  1  1  1  1  1  1
44: 1 1 1 1 0 1 1 1 1  1  1  1  1  1  0  1  1  1  1  1
45: 1 1 1 1 1 1 1 1 0  1  1  1  1  1  1  0  1  1  1  1
46: 1 1 1 1 1 1 1 1 1  1  1  1  1  0  1  1  1  1  1  1
47: 0 1 1 1 1 1 1 1 1  1  1  1  1  1  1  1  1  1  1  1
48: 0 1 1 1 0 1 1 1 1  1  1  1  1  1  1  1  1  1  1  1
49: 1 0 1 1 1 1 1 1 1  1  1  1  1  1  1  1  1  1  1  1
50: 1 1 1 1 1 1 1 1 0  1  1  1  1  1  1  1  1  1  1  1
51: 1 1 1 1 1 1 1 1 1  1  1  1  1  1  1  1  1  1  1  1
52: 1 1 1 1 1 1 1 1 1  0  1  1  1  1  1  1  0  1  1  1
53: 1 0 1 1 1 1 1 1 1  1  1  1  1  1  1  1  1  1  1  1
54: 1 0 1 1 1 1 1 1 1  1  1  1  1  1  1  0  1  1  1  0
55: 1 1 1 1 1 1 1 1 1  1  1  1  1  1  1  1  1  1  1  1
56: 1 1 1 1 1 1 1 0 0  1  1  1  1  1  1  1  1  1  1  1
57: 0 1 1 1 0 1 1 1 1  1  1  1  1  1  1  1  1  1  1  1
58: 1 1 1 1 1 1 1 1 0  1  1  1  1  0  1  0  1  1  0  1
59: 1 1 1 1 1 1 1 1 1  1  1  1  1  1  1  1  1  1  1  1
60: 1 1 1 1 1 1 1 1 1  1  1  0  1  1  1  1  1  1  1  1
61: 1 1 1 1 1 1 1 1 1  1  1  1  1  1  1  1  1  1  0  1
62: 1 1 1 1 1 1 1 1 1  1  0  1  1  1  1  1  1  1  0  1
63: 1 1 1 1 1 0 1 1 1  1  1  1  1  1  1  1  0  1  1  1
64: 1 1 1 1 0 0 0 1 1  1  1  1  1  0  1  1  0  1  1  1
65: 1 1 1 0 1 1 1 1 0  1  0  1  1  1  1  1  1  1  1  1
66: 1 1 1 1 0 1 1 1 1  1  1  0  1  1  0  1  1  1  1  1
67: 1 1 1 1 1 1 1 1 1  0  1  1  1  1  1  1  1  1  1  1
68: 1 1 1 1 1 1 1 1 1  0  1  1  1  1  0  1  1  1  1  1
69: 1 1 1 1 0 1 1 1 1  1  1  0  1  1  1  1  1  1  0  1
70: 1 1 1 1 1 1 1 1 1  1  1  1  1  1  1  1  1  1  1  1


clusters :
    1 2 3 4 5 6 7 8 9 10 11 12 13 14 15 16 17 18 19 20
1:  1 1 1 1 1 0 1 1 1  1  1  1  1  1  1  1  1  1  1  1
2:  1 1 1 0 1 1 1 0 1  1  1  1  1  0  1  1  0  0  1  1
3:  1 1 1 1 1 1 1 0 1  1  1  1  0  1  0  1  1  1  1  1
4:  1 1 1 1 1 1 1 1 1  1  1  1  1  1  1  1  1  1  1  0
5:  1 1 1 1 1 1 1 1 1  1  1  1  1  0  0  1  1  1  1  1
6:  1 1 1 1 1 1 1 0 1  1  1  1  1  1  1  1  1  1  1  1
7:  1 1 1 1 1 1 1 1 1  1  1  1  0  1  0  1  1  1  0  1
8:  1 1 1 0 0 1 1 1 1  1  1  1  1  1  0  1  1  1  1  1
9:  0 1 0 1 1 1 1 1 1  1  1  1  1  1  1  1  0  1  1  1
10: 1 1 1 1 1 1 1 0 1  1  1  1  1  0  1  1  1  1  1  1
11: 1 1 1 1 0 1 1 1 1  1  1  1  1  1  1  1  1  0  1  1
12: 1 1 1 1 1 1 1 1 1  1  1  1  1  1  1  1  1  1  1  1
13: 1 1 1 1 1 1 1 1 1  1  1  1  1  1  1  1  1  1  1  1
14: 1 1 1 1 1 1 1 1 1  1  1  1  1  1  1  1  1  1  1  1
15: 1 1 1 1 1 1 1 1 1  1  1  1  1  1  1  1  1  0  1  0
16: 1 1 1 1 1 1 1 1 1  1  1  1  1  1  1  1  1  0  1  1
17: 1 1 1 1 1 0 1 1 1  1  1  1  0  1  1  1  1  1  1  1
18: 0 0 1 1 1 1 1 1 1  1  1  1  1  1  1  1  0  1  1  1
19: 0 1 1 1 1 1 1 1 1  1  1  1  1  1  1  1  1  0  1  1
20: 0 1 1 1 1 1 1 1 1  1  1  1  1  1  1  1  0  1  0  0
21: 0 1 1 1 1 1 1 1 1  0  1  1  1  1  1  1  1  1  0  1
22: 0 1 1 1 1 1 1 1 1  1  1  1  1  1  0  1  1  1  1  1
23: 0 1 1 1 0 1 1 1 1  1  0  1  0  1  1  1  1  0  1  1
24: 1 1 1 1 1 1 1 0 0  1  1  1  1  1  1  1  1  1  1  1
25: 0 1 0 1 1 0 0 1 1  1  1  1  1  1  0  1  1  1  1  1
26: 1 1 0 1 1 1 1 0 1  1  1  1  1  1  1  1  1  1  1  1
27: 1 1 1 1 1 1 1 1 1  1  1  1  1  1  1  1  1  1  1  1
28: 1 1 1 1 1 1 1 1 1  1  1  1  1  1  1  1  0  1  1  1
29: 1 1 1 1 1 1 1 1 1  1  1  1  1  1  1  1  1  1  1  1
30: 1 1 1 1 1 1 1 1 1  1  1  0  0  0  1  1  1  1  1  1
31: 1 1 1 1 1 1 1 1 0  1  1  1  1  1  1  1  1  1  1  0
32: 1 0 1 1 1 1 1 1 1  1  1  1  1  1  0  1  1  1  1  1
33: 1 1 1 1 0 1 1 1 0  1  1  1  0  1  1  1  1  1  1  0
34: 1 0 1 1 1 0 1 1 1  1  1  1  1  1  1  1  1  1  1  1
35: 1 1 1 1 1 0 1 0 1  1  1  1  1  1  1  0  1  1  1  1
36: 1 1 1 1 1 1 0 1 1  1  1  1  1  1  1  1  1  1  1  1
37: 1 1 0 1 1 1 0 1 1  0  1  1  1  1  1  1  1  1  1  1
38: 1 1 1 1 1 1 1 0 0  1  1  1  1  1  0  1  1  1  0  1
39: 1 1 1 1 1 0 1 1 1  1  1  1  1  1  1  1  0  1  1  1
40: 1 1 1 1 1 1 1 1 0  1  1  1  0  1  1  1  1  1  1  1
41: 0 1 1 1 1 1 1 0 1  1  1  1  0  0  1  1  0  1  1  1
42: 1 1 1 1 1 1 1 1 1  1  1  1  1  1  1  1  1  1  1  1
43: 1 1 1 1 1 1 1 1 1  1  1  1  1  1  1  1  1  1  1  1
44: 1 1 1 1 0 1 1 1 1  1  1  1  1  1  0  1  1  1  1  1
45: 1 1 1 1 1 1 1 1 0  1  1  1  1  1  1  0  1  1  1  1
46: 1 1 1 1 1 1 1 1 1  1  1  1  1  0  1  1  1  1  1  1
47: 0 1 1 1 1 1 1 1 1  1  1  1  1  1  1  1  1  1  1  1
48: 0 1 1 1 0 1 1 1 1  1  1  1  1  1  1  1  1  1  1  1
49: 1 0 1 1 1 1 1 1 1  1  1  1  1  1  1  1  1  1  1  1
50: 1 1 1 1 1 1 1 1 0  1  1  1  1  1  1  1  1  1  1  1
51: 1 1 1 1 1 1 1 1 1  1  1  1  1  1  1  1  1  1  1  1
52: 1 1 1 1 1 1 1 1 1  0  1  1  1  1  1  1  0  1  1  1
53: 1 0 1 1 1 1 1 1 1  1  1  1  1  1  1  1  1  1  1  1
54: 1 0 1 1 1 1 1 1 1  1  1  1  1  1  1  0  1  1  1  0
55: 1 1 1 1 1 1 1 1 1  1  1  1  1  1  1  1  1  1  1  1
56: 1 1 1 1 1 1 1 0 0  1  1  1  1  1  1  1  1  1  1  1
57: 0 1 1 1 0 1 1 1 1  1  1  1  1  1  1  1  1  1  1  1
58: 1 1 1 1 1 1 1 1 0  1  1  1  1  0  1  0  1  1  0  1
59: 1 1 1 1 1 1 1 1 1  1  1  1  1  1  1  1  1  1  1  1
60: 1 1 1 1 1 1 1 1 1  1  1  0  1  1  1  1  1  1  1  1
61: 1 1 1 1 1 1 1 1 1  1  1  1  1  1  1  1  1  1  0  1
62: 1 1 1 1 1 1 1 1 1  1  0  1  1  1  1  1  1  1  0  1
63: 1 1 1 1 1 0 1 1 1  1  1  1  1  1  1  1  0  1  1  1
64: 1 1 1 1 0 0 0 1 1  1  1  1  1  0  1  1  0  1  1  1
65: 1 1 1 0 1 1 1 1 0  1  0  1  1  1  1  1  1  1  1  1
66: 1 1 1 1 0 1 1 1 1  1  1  0  1  1  0  1  1  1  1  1
67: 1 1 1 1 1 1 1 1 1  0  1  1  1  1  1  1  1  1  1  1
68: 1 1 1 1 1 1 1 1 1  0  1  1  1  1  0  1  1  1  1  1
69: 1 1 1 1 0 1 1 1 1  1  1  0  1  1  1  1  1  1  0  1
70: 1 1 1 1 1 1 1 1 1  1  1  1  1  1  1  1  1  1  1  1

