90 20
1 0 1 0 1 0 1 0 0 1 0 0 0 0 0 0 0 0 0 0 
0 0 0 0 1 1 0 0 0 0 0 0 1 0 1 0 0 0 0 0 
1 0 0 0 0 1 0 1 0 0 1 0 0 1 0 0 1 1 0 0 
0 0 1 0 0 0 0 0 1 0 0 0 0 0 0 0 0 0 0 0 
0 0 0 0 0 0 1 1 1 0 0 0 0 1 0 1 0 0 0 1 
1 0 0 0 0 0 0 0 0 0 1 1 0 1 0 0 0 0 0 0 
1 0 0 0 0 1 1 1 0 0 0 0 0 0 0 0 1 0 1 0 
0 0 0 1 0 0 0 0 0 0 0 0 0 0 0 1 0 0 0 0 
0 0 1 0 1 1 1 1 0 0 0 0 0 1 0 0 0 1 0 0 
0 0 0 1 0 0 0 0 0 0 0 0 1 0 0 0 0 0 0 0 
0 1 0 0 0 0 1 0 0 0 0 0 0 1 0 0 0 1 0 0 
0 0 1 0 0 0 0 0 0 0 0 0 0 0 1 1 1 0 0 0 
0 0 0 0 0 0 0 0 0 0 0 0 1 0 0 0 0 0 0 0 
0 0 0 0 0 0 0 1 0 0 0 0 0 0 0 0 1 0 0 0 
0 1 0 0 0 0 0 1 1 0 0 1 0 1 0 0 0 0 0 0 
0 0 0 0 1 0 1 0 1 0 0 0 0 0 0 0 0 0 0 1 
0 1 0 0 1 0 0 0 0 0 0 0 0 0 1 0 1 0 0 0 
1 0 0 0 1 0 1 0 0 0 0 0 0 0 0 0 1 1 1 0 
0 0 0 0 0 0 0 1 0 0 1 1 0 0 0 0 1 0 0 0 
0 1 0 0 1 0 1 0 0 0 0 0 0 0 0 0 0 0 0 0 
0 0 1 0 1 0 1 0 1 0 0 0 0 0 0 0 0 1 0 0 
0 0 0 0 0 0 0 0 0 1 0 1 0 0 1 0 0 0 0 0 
0 0 0 0 0 1 0 0 0 0 0 0 1 0 0 0 0 0 0 0 
0 0 0 0 1 1 0 1 0 0 0 0 0 0 0 0 0 0 0 0 
1 0 0 0 1 0 0 0 0 1 0 1 0 0 0 0 0 0 0 1 
0 0 0 0 1 0 0 1 0 1 0 0 0 1 0 0 1 0 0 0 
0 0 0 0 0 0 0 0 1 0 0 0 0 0 0 0 1 0 0 0 
0 0 0 0 0 0 0 0 0 0 1 0 0 0 0 0 0 0 0 0 
0 0 0 0 0 0 0 1 1 0 1 0 0 0 1 0 0 0 0 0 
0 0 1 0 0 0 0 0 0 0 0 0 0 1 0 0 0 1 0 0 
0 0 0 0 0 0 1 0 1 0 0 0 0 0 0 1 0 0 0 0 
1 0 0 1 0 1 1 0 1 0 0 0 0 0 0 0 1 0 0 0 
1 1 0 0 0 0 0 0 0 1 0 0 0 0 0 1 1 0 0 0 
1 1 0 0 0 1 0 0 0 0 1 0 0 1 0 1 0 0 0 0 
0 1 0 0 0 0 0 0 0 1 0 0 0 0 0 0 0 1 0 0 
0 0 1 0 0 1 1 0 1 0 0 0 0 0 0 0 0 0 0 1 
0 0 0 0 0 0 0 0 0 0 0 0 0 0 0 0 1 0 0 0 
0 0 0 0 0 1 1 0 0 0 0 0 0 1 1 1 1 0 0 0 
0 0 0 0 0 0 0 0 0 0 1 0 0 0 0 0 0 1 0 1 
0 1 0 0 0 0 0 0 1 0 0 0 0 0 0 0 0 1 0 1 
0 0 0 0 0 1 0 0 1 0 0 0 0 0 0 0 0 0 0 1 
0 0 0 0 0 0 0 0 0 0 1 0 1 0 0 0 1 0 0 0 
0 0 1 0 0 0 0 0 0 1 1 0 0 0 0 0 0 0 0 0 
1 0 0 0 0 0 0 0 0 0 0 1 0 1 1 1 0 0 0 1 
1 0 1 0 0 0 1 0 0 1 0 0 0 0 0 0 0 1 0 0 
0 0 0 0 0 0 0 0 0 0 0 0 0 0 0 0 1 0 0 0 
0 0 1 1 0 0 0 0 0 0 0 0 1 0 0 1 0 0 1 0 
0 0 1 0 0 0 0 0 1 0 0 0 0 0 1 1 1 0 0 0 
0 0 0 0 0 0 1 0 1 0 0 1 0 0 0 0 1 0 1 1 
1 0 0 0 1 0 0 0 0 0 0 1 0 0 1 0 1 1 0 0 
1 0 0 0 0 1 0 0 0 0 0 0 1 0 0 0 0 1 0 0 
0 0 0 0 0 0 0 0 1 0 0 0 0 0 0 0 0 0 0 0 
0 0 0 1 1 0 1 1 0 1 1 1 0 0 0 0 0 0 0 0 
0 0 1 0 0 0 1 0 1 0 1 0 0 0 0 0 0 0 0 0 
0 1 0 0 0 0 0 0 0 1 1 0 0 0 0 0 0 0 0 0 
0 0 1 0 0 1 0 0 0 0 0 0 1 1 0 0 0 0 0 0 
0 0 0 0 0 0 0 0 0 0 0 0 0 0 0 0 0 0 1 0 
0 0 0 0 0 0 0 0 1 0 0 0 0 0 0 0 0 0 0 1 
0 0 0 0 0 0 0 1 0 0 0 1 1 0 0 0 1 1 0 0 
0 0 0 0 0 0 1 0 0 0 0 0 0 0 1 0 0 0 0 0 
0 0 0 0 1 0 0 0 0 0 0 1 0 0 1 0 0 0 0 1 
1 0 0 1 0 0 0 1 0 0 0 1 0 0 0 1 0 0 0 0 
0 0 1 0 0 0 0 1 0 0 0 0 0 0 0 0 1 1 0 0 
1 0 0 0 0 0 1 0 0 0 1 0 1 1 0 0 0 1 0 1 
1 0 1 0 0 0 1 0 0 0 0 1 1 0 0 0 0 0 0 0 
0 0 0 0 1 0 0 1 0 0 0 0 0 0 1 0 0 1 1 0 
1 0 0 0 0 0 0 0 0 1 1 0 0 0 0 0 1 0 0 1 
0 1 0 1 0 0 0 0 0 0 1 0 0 0 0 0 0 0 0 1 
1 0 0 0 0 0 0 0 0 1 0 0 1 0 0 0 0 0 0 0 
0 1 0 0 0 0 0 0 0 0 0 0 1 0 1 0 0 0 0 0 
0 0 0 1 0 0 0 0 0 0 0 0 1 0 1 0 0 0 0 0 
0 0 0 0 0 1 0 0 1 0 0 0 1 0 0 0 1 0 1 1 
1 0 0 0 0 1 0 0 1 0 0 1 0 0 0 0 1 0 0 1 
0 0 0 0 1 0 0 0 0 0 0 0 0 0 0 0 0 0 0 0 
0 0 1 0 0 0 1 0 0 0 1 0 0 0 0 0 0 0 0 0 
0 0 0 0 0 0 1 0 0 1 0 0 1 0 0 0 0 1 0 0 
0 0 0 1 0 1 1 1 1 1 0 0 0 1 0 1 0 0 1 1 
0 0 0 0 0 0 0 0 0 1 0 1 1 1 0 0 0 0 0 0 
1 0 0 0 0 0 0 0 0 0 1 0 0 0 0 0 0 0 0 0 
0 0 0 0 0 0 1 0 0 0 0 0 0 0 0 0 0 0 0 1 
0 0 0 1 0 0 0 0 0 0 0 0 0 0 0 0 0 0 0 0 
0 0 0 0 0 0 0 0 1 1 1 1 1 0 0 0 1 0 0 0 
0 0 0 0 1 0 1 0 0 0 0 0 0 0 1 1 0 0 0 1 
0 0 1 0 0 0 0 1 1 0 1 0 0 0 0 1 0 0 0 0 
0 0 1 0 0 0 0 0 0 0 0 1 0 0 1 0 0 0 1 0 
1 1 1 0 0 0 0 0 1 1 0 0 0 0 1 0 0 0 0 0 
0 0 1 0 0 1 1 0 0 0 0 0 0 0 0 1 0 1 0 1 
1 0 0 0 1 1 0 0 1 0 0 1 0 0 0 0 0 0 0 0 
0 0 0 0 1 0 0 0 0 0 0 0 0 0 0 0 0 0 0 0 
1 0 0 0 0 0 0 0 1 0 0 0 0 0 0 0 0 0 0 0 
90 20
    1 2 3 4 5 6 7 8 9 10 11 12 13 14 15 16 17 18 19 20
1:  0 0 0 0 0 0 0 0 0  0  0  0  1  1  0  0  0  0  1  0
2:  0 0 0 0 0 0 0 0 0  0  0  0  1  0  0  0  0  0  0  0
3:  0 0 0 1 0 0 0 1 0  1  0  1  1  0  0  0  1  0  1  0
4:  0 0 0 0 0 0 0 1 0  0  0  0  1  0  0  0  0  1  0  1
5:  0 0 0 1 1 0 0 0 1  0  0  0  0  0  0  0  0  1  0  0
6:  0 0 1 0 0 0 0 0 0  0  1  0  0  1  0  1  0  0  0  0
7:  1 0 0 0 0 0 0 0 0  0  0  0  0  0  0  0  0  0  0  0
8:  1 0 0 0 0 0 0 0 1  0  0  0  0  1  1  0  0  0  1  1
9:  0 0 0 1 0 0 0 1 0  0  0  0  0  0  0  0  0  0  0  0
10: 0 0 0 0 0 0 0 0 0  0  0  1  0  0  0  0  0  0  1  0
11: 1 0 0 0 0 1 0 0 0  0  0  0  1  1  0  0  0  0  0  0
12: 0 0 0 1 0 0 0 0 0  0  0  0  0  0  0  0  1  0  0  0
13: 0 0 0 0 0 0 0 0 0  0  1  0  0  0  0  1  0  0  0  0
14: 0 0 0 0 1 0 1 0 1  0  0  0  0  0  0  1  0  1  0  1
15: 0 0 0 0 0 0 0 0 1  1  0  0  0  0  0  1  0  0  0  0
16: 0 0 0 0 1 0 0 1 0  0  0  0  1  0  0  0  0  0  0  1
17: 0 0 0 0 1 0 0 0 1  0  0  0  0  0  0  1  0  0  0  0
18: 1 1 0 1 0 0 0 1 0  0  0  0  1  1  0  0  0  0  0  0
19: 0 0 0 0 0 0 0 0 0  0  0  0  0  0  0  0  0  1  0  0
20: 1 0 1 0 0 1 0 0 0  0  0  0  0  0  1  1  0  0  0  1
21: 0 0 0 0 0 0 0 0 0  0  0  0  0  0  1  0  1  0  1  0
22: 0 0 0 0 0 0 0 1 0  0  1  0  0  0  1  0  0  0  1  0
23: 0 0 0 0 0 0 1 1 0  0  0  0  0  0  0  0  0  0  0  0
24: 0 1 0 0 0 0 0 0 0  0  0  1  0  0  1  0  0  1  1  1
25: 0 0 0 0 0 1 1 0 0  0  0  0  0  1  0  0  1  0  1  0
26: 0 1 0 0 0 0 1 0 0  0  1  1  0  0  0  0  0  0  0  0
27: 1 0 0 0 0 0 0 0 0  0  0  0  0  0  0  0  0  0  0  0
28: 0 0 0 0 0 0 1 0 0  0  0  0  1  0  0  1  0  0  0  1
29: 0 0 0 0 0 1 1 0 0  0  1  0  0  0  0  0  1  0  0  0
30: 0 0 0 0 0 0 0 0 1  1  0  1  1  0  0  0  0  0  0  0
31: 0 0 0 1 0 1 1 0 0  0  0  1  0  0  0  0  0  0  0  1
32: 1 0 0 1 0 0 0 1 0  0  0  0  1  0  0  0  1  0  0  0
33: 0 0 1 0 0 1 0 0 0  0  0  0  0  0  0  0  1  0  0  0
34: 1 0 0 0 0 0 0 0 0  0  0  0  0  0  0  0  1  1  1  0
35: 1 0 0 1 1 0 0 0 0  0  0  0  0  0  0  0  0  0  0  0
36: 1 0 0 0 0 0 0 0 0  0  1  0  0  0  1  1  0  1  0  0
37: 0 1 0 0 0 0 1 1 0  0  0  0  0  0  0  0  0  0  0  1
38: 0 0 0 0 0 0 1 0 0  0  0  1  1  0  0  0  0  0  0  0
39: 0 0 0 1 0 0 0 0 0  0  0  0  0  0  1  0  0  0  0  0
40: 0 1 0 1 0 0 0 0 0  0  0  1  0  0  0  0  0  0  0  0
41: 0 0 0 0 0 0 0 0 0  0  0  0  0  0  0  0  0  0  0  0
42: 0 0 0 1 0 0 1 0 0  0  0  0  0  0  1  1  0  1  0  1
43: 0 1 1 0 0 1 0 0 0  0  1  1  0  0  0  0  0  1  0  1
44: 1 0 0 0 0 0 1 0 0  0  0  0  0  1  0  0  0  0  0  0
45: 0 1 0 0 0 0 0 1 0  0  0  1  0  0  0  1  0  0  0  0
46: 0 0 0 0 1 0 0 0 0  0  0  0  0  0  0  0  0  0  1  0
47: 0 0 0 0 0 0 0 0 0  0  1  0  1  0  1  0  0  0  0  1
48: 0 0 1 0 0 0 0 0 0  0  0  0  0  0  0  0  0  0  0  1
49: 0 0 0 0 0 0 1 0 0  1  1  0  0  0  0  0  0  0  0  1
50: 1 0 1 0 1 0 0 1 0  0  1  0  0  0  1  0  0  0  0  1
51: 0 0 0 0 1 1 1 0 0  0  0  0  0  1  0  0  0  1  0  0
52: 0 0 0 0 1 0 1 0 1  0  0  0  0  0  0  0  0  0  0  1
53: 0 0 0 0 1 0 0 0 0  0  0  0  0  0  1  0  0  0  0  0
54: 0 0 0 1 0 0 1 0 0  0  1  1  1  0  0  0  0  1  0  0
55: 1 0 0 0 0 0 0 0 0  1  0  0  0  0  0  0  0  0  0  0
56: 1 0 0 0 0 0 0 0 1  0  0  0  1  0  0  0  0  0  0  1
57: 0 0 0 1 0 0 0 0 0  0  1  0  0  0  0  1  0  0  0  0
58: 0 0 0 0 0 0 1 0 0  0  0  0  1  1  0  0  0  0  0  1
59: 1 0 0 0 0 1 0 0 0  0  0  0  0  0  0  1  1  0  0  0
60: 0 0 0 0 1 1 0 0 0  0  0  0  0  1  1  1  1  1  0  0
61: 1 0 0 1 0 0 0 0 0  0  1  0  0  0  0  1  1  0  1  0
62: 0 0 1 0 0 0 0 0 0  1  0  0  0  1  0  1  1  0  0  0
63: 0 1 0 0 1 1 0 1 0  1  0  0  0  0  0  0  0  0  0  0
64: 0 1 0 1 0 0 0 0 0  0  1  0  0  0  0  0  0  0  1  0
65: 0 0 1 0 0 0 0 0 0  0  0  1  0  0  0  0  0  0  0  0
66: 0 0 0 0 1 0 0 0 0  0  1  0  0  0  0  0  0  1  0  0
67: 0 0 0 0 0 1 1 0 0  0  0  1  0  0  0  0  0  0  1  0
68: 0 0 1 0 1 0 0 0 0  1  0  0  1  0  0  0  0  0  0  0
69: 0 0 0 0 0 0 1 1 0  0  0  0  1  1  1  0  0  1  0  0
70: 0 0 1 0 0 0 0 0 0  0  1  1  0  0  0  1  0  0  1  1
71: 0 1 0 0 0 0 0 0 0  0  0  0  0  0  0  0  0  0  0  0
72: 0 0 1 0 0 0 0 0 1  0  1  0  0  0  0  1  0  0  0  0
73: 0 1 0 1 1 0 0 0 1  1  0  0  0  0  0  0  0  0  1  0
74: 0 0 0 0 0 0 1 0 0  0  1  0  0  1  1  0  1  1  0  0
75: 0 0 0 0 0 0 0 0 1  0  0  0  0  1  0  1  0  0  0  1
76: 0 1 0 0 0 0 1 0 0  0  0  0  0  0  0  0  0  0  0  0
77: 1 0 0 0 0 1 0 0 0  0  0  0  0  0  1  1  0  0  0  0
78: 0 0 0 1 0 0 0 0 1  0  0  0  0  0  0  0  0  1  0  0
79: 0 0 1 0 0 1 0 1 0  0  1  0  1  0  0  1  0  1  1  0
80: 1 1 0 0 0 0 1 0 0  0  1  0  1  0  0  0  0  0  0  0
81: 0 0 0 1 0 0 0 0 1  0  0  0  0  0  1  0  0  0  0  0
82: 1 0 1 0 0 0 0 0 0  1  0  0  0  1  1  0  1  1  0  0
83: 0 0 1 0 0 1 0 0 0  0  0  1  0  0  0  0  0  1  0  1
84: 0 0 0 0 1 0 0 1 0  0  0  1  0  0  0  0  0  1  0  0
85: 0 1 0 1 0 0 0 0 1  0  0  0  0  0  1  1  1  0  0  1
86: 0 0 0 0 0 0 1 0 0  0  0  1  0  0  0  0  0  0  0  0
87: 1 0 0 0 0 0 1 0 1  0  0  0  0  0  1  0  0  0  0  0
88: 0 0 0 0 1 0 0 0 1  0  1  0  0  0  0  0  1  1  0  0
89: 0 0 0 0 0 0 0 0 0  1  1  0  0  1  0  0  0  1  0  0
90: 0 0 1 1 1 0 0 0 0  0  1  1  0  0  0  0  0  1  0  0


clusters :
    1 2 3 4 5 6 7 8 9 10 11 12 13 14 15 16 17 18 19 20
1:  0 0 0 0 0 0 0 0 0  0  0  0  1  1  0  0  0  0  1  0
2:  0 0 0 0 0 0 0 0 0  0  0  0  1  0  0  0  0  0  0  0
3:  0 0 0 1 0 0 0 1 0  1  0  1  1  0  0  0  1  0  1  0
4:  0 0 0 0 0 0 0 1 0  0  0  0  1  0  0  0  0  1  0  1
5:  0 0 0 1 1 0 0 0 1  0  0  0  0  0  0  0  0  1  0  0
6:  0 0 1 0 0 0 0 0 0  0  1  0  0  1  0  1  0  0  0  0
7:  1 0 0 0 0 0 0 0 0  0  0  0  0  0  0  0  0  0  0  0
8:  1 0 0 0 0 0 0 0 1  0  0  0  0  1  1  0  0  0  1  1
9:  0 0 0 1 0 0 0 1 0  0  0  0  0  0  0  0  0  0  0  0
10: 0 0 0 0 0 0 0 0 0  0  0  1  0  0  0  0  0  0  1  0
11: 1 0 0 0 0 1 0 0 0  0  0  0  1  1  0  0  0  0  0  0
12: 0 0 0 1 0 0 0 0 0  0  0  0  0  0  0  0  1  0  0  0
13: 0 0 0 0 0 0 0 0 0  0  1  0  0  0  0  1  0  0  0  0
14: 0 0 0 0 1 0 1 0 1  0  0  0  0  0  0  1  0  1  0  1
15: 0 0 0 0 0 0 0 0 1  1  0  0  0  0  0  1  0  0  0  0
16: 0 0 0 0 1 0 0 1 0  0  0  0  1  0  0  0  0  0  0  1
17: 0 0 0 0 1 0 0 0 1  0  0  0  0  0  0  1  0  0  0  0
18: 1 1 0 1 0 0 0 1 0  0  0  0  1  1  0  0  0  0  0  0
19: 0 0 0 0 0 0 0 0 0  0  0  0  0  0  0  0  0  1  0  0
20: 1 0 1 0 0 1 0 0 0  0  0  0  0  0  1  1  0  0  0  1
21: 0 0 0 0 0 0 0 0 0  0  0  0  0  0  1  0  1  0  1  0
22: 0 0 0 0 0 0 0 1 0  0  1  0  0  0  1  0  0  0  1  0
23: 0 0 0 0 0 0 1 1 0  0  0  0  0  0  0  0  0  0  0  0
24: 0 1 0 0 0 0 0 0 0  0  0  1  0  0  1  0  0  1  1  1
25: 0 0 0 0 0 1 1 0 0  0  0  0  0  1  0  0  1  0  1  0
26: 0 1 0 0 0 0 1 0 0  0  1  1  0  0  0  0  0  0  0  0
27: 1 0 0 0 0 0 0 0 0  0  0  0  0  0  0  0  0  0  0  0
28: 0 0 0 0 0 0 1 0 0  0  0  0  1  0  0  1  0  0  0  1
29: 0 0 0 0 0 1 1 0 0  0  1  0  0  0  0  0  1  0  0  0
30: 0 0 0 0 0 0 0 0 1  1  0  1  1  0  0  0  0  0  0  0
31: 0 0 0 1 0 1 1 0 0  0  0  1  0  0  0  0  0  0  0  1
32: 1 0 0 1 0 0 0 1 0  0  0  0  1  0  0  0  1  0  0  0
33: 0 0 1 0 0 1 0 0 0  0  0  0  0  0  0  0  1  0  0  0
34: 1 0 0 0 0 0 0 0 0  0  0  0  0  0  0  0  1  1  1  0
35: 1 0 0 1 1 0 0 0 0  0  0  0  0  0  0  0  0  0  0  0
36: 1 0 0 0 0 0 0 0 0  0  1  0  0  0  1  1  0  1  0  0
37: 0 1 0 0 0 0 1 1 0  0  0  0  0  0  0  0  0  0  0  1
38: 0 0 0 0 0 0 1 0 0  0  0  1  1  0  0  0  0  0  0  0
39: 0 0 0 1 0 0 0 0 0  0  0  0  0  0  1  0  0  0  0  0
40: 0 1 0 1 0 0 0 0 0  0  0  1  0  0  0  0  0  0  0  0
41: 0 0 0 0 0 0 0 0 0  0  0  0  0  0  0  0  0  0  0  0
42: 0 0 0 1 0 0 1 0 0  0  0  0  0  0  1  1  0  1  0  1
43: 0 1 1 0 0 1 0 0 0  0  1  1  0  0  0  0  0  1  0  1
44: 1 0 0 0 0 0 1 0 0  0  0  0  0  1  0  0  0  0  0  0
45: 0 1 0 0 0 0 0 1 0  0  0  1  0  0  0  1  0  0  0  0
46: 0 0 0 0 1 0 0 0 0  0  0  0  0  0  0  0  0  0  1  0
47: 0 0 0 0 0 0 0 0 0  0  1  0  1  0  1  0  0  0  0  1
48: 0 0 1 0 0 0 0 0 0  0  0  0  0  0  0  0  0  0  0  1
49: 0 0 0 0 0 0 1 0 0  1  1  0  0  0  0  0  0  0  0  1
50: 1 0 1 0 1 0 0 1 0  0  1  0  0  0  1  0  0  0  0  1
51: 0 0 0 0 1 1 1 0 0  0  0  0  0  1  0  0  0  1  0  0
52: 0 0 0 0 1 0 1 0 1  0  0  0  0  0  0  0  0  0  0  1
53: 0 0 0 0 1 0 0 0 0  0  0  0  0  0  1  0  0  0  0  0
54: 0 0 0 1 0 0 1 0 0  0  1  1  1  0  0  0  0  1  0  0
55: 1 0 0 0 0 0 0 0 0  1  0  0  0  0  0  0  0  0  0  0
56: 1 0 0 0 0 0 0 0 1  0  0  0  1  0  0  0  0  0  0  1
57: 0 0 0 1 0 0 0 0 0  0  1  0  0  0  0  1  0  0  0  0
58: 0 0 0 0 0 0 1 0 0  0  0  0  1  1  0  0  0  0  0  1
59: 1 0 0 0 0 1 0 0 0  0  0  0  0  0  0  1  1  0  0  0
60: 0 0 0 0 1 1 0 0 0  0  0  0  0  1  1  1  1  1  0  0
61: 1 0 0 1 0 0 0 0 0  0  1  0  0  0  0  1  1  0  1  0
62: 0 0 1 0 0 0 0 0 0  1  0  0  0  1  0  1  1  0  0  0
63: 0 1 0 0 1 1 0 1 0  1  0  0  0  0  0  0  0  0  0  0
64: 0 1 0 1 0 0 0 0 0  0  1  0  0  0  0  0  0  0  1  0
65: 0 0 1 0 0 0 0 0 0  0  0  1  0  0  0  0  0  0  0  0
66: 0 0 0 0 1 0 0 0 0  0  1  0  0  0  0  0  0  1  0  0
67: 0 0 0 0 0 1 1 0 0  0  0  1  0  0  0  0  0  0  1  0
68: 0 0 1 0 1 0 0 0 0  1  0  0  1  0  0  0  0  0  0  0
69: 0 0 0 0 0 0 1 1 0  0  0  0  1  1  1  0  0  1  0  0
70: 0 0 1 0 0 0 0 0 0  0  1  1  0  0  0  1  0  0  1  1
71: 0 1 0 0 0 0 0 0 0  0  0  0  0  0  0  0  0  0  0  0
72: 0 0 1 0 0 0 0 0 1  0  1  0  0  0  0  1  0  0  0  0
73: 0 1 0 1 1 0 0 0 1  1  0  0  0  0  0  0  0  0  1  0
74: 0 0 0 0 0 0 1 0 0  0  1  0  0  1  1  0  1  1  0  0
75: 0 0 0 0 0 0 0 0 1  0  0  0  0  1  0  1  0  0  0  1
76: 0 1 0 0 0 0 1 0 0  0  0  0  0  0  0  0  0  0  0  0
77: 1 0 0 0 0 1 0 0 0  0  0  0  0  0  1  1  0  0  0  0
78: 0 0 0 1 0 0 0 0 1  0  0  0  0  0  0  0  0  1  0  0
79: 0 0 1 0 0 1 0 1 0  0  1  0  1  0  0  1  0  1  1  0
80: 1 1 0 0 0 0 1 0 0  0  1  0  1  0  0  0  0  0  0  0
81: 0 0 0 1 0 0 0 0 1  0  0  0  0  0  1  0  0  0  0  0
82: 1 0 1 0 0 0 0 0 0  1  0  0  0  1  1  0  1  1  0  0
83: 0 0 1 0 0 1 0 0 0  0  0  1  0  0  0  0  0  1  0  1
84: 0 0 0 0 1 0 0 1 0  0  0  1  0  0  0  0  0  1  0  0
85: 0 1 0 1 0 0 0 0 1  0  0  0  0  0  1  1  1  0  0  1
86: 0 0 0 0 0 0 1 0 0  0  0  1  0  0  0  0  0  0  0  0
87: 1 0 0 0 0 0 1 0 1  0  0  0  0  0  1  0  0  0  0  0
88: 0 0 0 0 1 0 0 0 1  0  1  0  0  0  0  0  1  1  0  0
89: 0 0 0 0 0 0 0 0 0  1  1  0  0  1  0  0  0  1  0  0
90: 0 0 1 1 1 0 0 0 0  0  1  1  0  0  0  0  0  1  0  0

