35 20
    1 2 3 4 5 6 7 8 9 10 11 12 13 14 15 16 17 18 19 20
1:  1 1 1 1 1 0 1 1 0  1  1  0  1  1  0  1  1  1  1  1
2:  1 1 1 1 1 1 1 0 1  1  1  1  1  0  1  1  1  1  1  1
3:  1 1 1 1 1 1 1 1 1  1  1  1  1  1  1  0  1  1  1  0
4:  1 1 1 1 1 1 1 1 1  1  0  1  1  1  1  1  1  1  0  1
5:  1 1 1 1 1 1 1 1 1  1  1  1  1  1  1  1  1  1  1  1
6:  1 1 1 1 1 1 1 1 1  1  1  1  1  0  1  1  1  0  1  1
7:  1 0 1 1 1 1 1 1 0  1  1  1  1  0  1  1  1  1  1  1
8:  1 1 1 1 1 0 1 1 1  1  1  1  0  1  1  1  1  1  0  0
9:  1 1 1 1 1 1 1 1 1  1  1  1  1  1  1  1  1  1  1  1
10: 1 1 1 1 1 1 1 1 1  1  1  1  1  1  1  1  1  1  1  1
11: 1 1 1 1 1 1 1 1 1  1  1  1  1  1  1  1  0  1  1  1
12: 1 1 1 1 1 1 1 1 1  1  1  1  1  1  1  1  1  1  1  1
13: 0 1 1 1 0 1 1 1 0  1  1  1  0  1  1  1  1  1  1  1
14: 0 1 1 1 1 1 1 0 1  1  1  1  0  1  1  1  1  1  1  1
15: 1 1 1 1 1 1 1 1 1  1  1  1  1  1  1  1  1  1  1  1
16: 1 1 1 1 1 0 1 1 1  1  1  1  1  1  1  1  1  0  1  1
17: 1 1 1 1 0 1 1 1 1  1  1  1  1  0  1  1  1  1  1  1
18: 1 1 1 1 1 1 1 1 0  1  1  1  1  0  1  1  1  1  1  1
19: 1 1 1 1 1 1 1 1 1  1  1  1  1  1  1  0  1  1  1  1
20: 1 1 1 1 1 1 1 0 1  1  1  0  0  1  1  1  1  1  1  1
21: 1 1 1 1 1 0 1 1 1  1  1  0  1  1  1  1  0  1  1  1
22: 1 1 1 1 1 1 1 1 1  1  1  1  1  1  1  1  1  1  1  1
23: 1 1 1 1 1 1 1 1 1  1  1  1  1  1  1  0  1  0  1  1
24: 1 1 1 1 1 1 1 1 1  1  1  1  1  1  1  1  1  1  1  1
25: 1 0 1 1 1 0 1 1 1  1  0  0  1  1  1  1  1  1  1  1
26: 1 1 1 1 1 0 1 1 1  1  1  1  1  0  1  0  1  0  1  1
27: 1 1 1 1 1 0 1 1 1  1  1  1  1  1  1  1  1  0  1  1
28: 1 1 1 1 1 0 1 1 1  1  1  1  1  1  1  1  0  1  1  1
29: 1 1 1 1 1 0 1 1 1  1  1  1  1  0  1  1  1  1  1  1
30: 1 1 1 0 1 0 1 1 1  1  1  1  1  1  1  1  1  1  1  1
31: 1 1 1 1 1 1 1 1 1  1  1  1  1  0  0  1  1  1  1  1
32: 0 1 1 1 1 1 1 1 1  1  1  1  1  1  1  1  1  0  1  1
33: 1 1 1 0 1 1 1 1 0  1  1  1  1  1  1  1  1  1  0  1
34: 1 1 1 1 1 1 1 0 1  1  1  1  1  1  1  1  1  1  1  1
35: 1 1 1 0 1 1 1 0 0  1  1  1  1  1  1  0  1  1  1  1


clusters :
    1 2 3 4 5 6 7 8 9 10 11 12 13 14 15 16 17 18 19 20
1:  1 1 1 1 1 0 1 1 0  1  1  0  1  1  0  1  1  1  1  1
2:  1 1 1 1 1 1 1 0 1  1  1  1  1  0  1  1  1  1  1  1
3:  1 1 1 1 1 1 1 1 1  1  1  1  1  1  1  0  1  1  1  0
4:  1 1 1 1 1 1 1 1 1  1  0  1  1  1  1  1  1  1  0  1
5:  1 1 1 1 1 1 1 1 1  1  1  1  1  1  1  1  1  1  1  1
6:  1 1 1 1 1 1 1 1 1  1  1  1  1  0  1  1  1  0  1  1
7:  1 0 1 1 1 1 1 1 0  1  1  1  1  0  1  1  1  1  1  1
8:  1 1 1 1 1 0 1 1 1  1  1  1  0  1  1  1  1  1  0  0
9:  1 1 1 1 1 1 1 1 1  1  1  1  1  1  1  1  1  1  1  1
10: 1 1 1 1 1 1 1 1 1  1  1  1  1  1  1  1  1  1  1  1
11: 1 1 1 1 1 1 1 1 1  1  1  1  1  1  1  1  0  1  1  1
12: 1 1 1 1 1 1 1 1 1  1  1  1  1  1  1  1  1  1  1  1
13: 0 1 1 1 0 1 1 1 0  1  1  1  0  1  1  1  1  1  1  1
14: 0 1 1 1 1 1 1 0 1  1  1  1  0  1  1  1  1  1  1  1
15: 1 1 1 1 1 1 1 1 1  1  1  1  1  1  1  1  1  1  1  1
16: 1 1 1 1 1 0 1 1 1  1  1  1  1  1  1  1  1  0  1  1
17: 1 1 1 1 0 1 1 1 1  1  1  1  1  0  1  1  1  1  1  1
18: 1 1 1 1 1 1 1 1 0  1  1  1  1  0  1  1  1  1  1  1
19: 1 1 1 1 1 1 1 1 1  1  1  1  1  1  1  0  1  1  1  1
20: 1 1 1 1 1 1 1 0 1  1  1  0  0  1  1  1  1  1  1  1
21: 1 1 1 1 1 0 1 1 1  1  1  0  1  1  1  1  0  1  1  1
22: 1 1 1 1 1 1 1 1 1  1  1  1  1  1  1  1  1  1  1  1
23: 1 1 1 1 1 1 1 1 1  1  1  1  1  1  1  0  1  0  1  1
24: 1 1 1 1 1 1 1 1 1  1  1  1  1  1  1  1  1  1  1  1
25: 1 0 1 1 1 0 1 1 1  1  0  0  1  1  1  1  1  1  1  1
26: 1 1 1 1 1 0 1 1 1  1  1  1  1  0  1  0  1  0  1  1
27: 1 1 1 1 1 0 1 1 1  1  1  1  1  1  1  1  1  0  1  1
28: 1 1 1 1 1 0 1 1 1  1  1  1  1  1  1  1  0  1  1  1
29: 1 1 1 1 1 0 1 1 1  1  1  1  1  0  1  1  1  1  1  1
30: 1 1 1 0 1 0 1 1 1  1  1  1  1  1  1  1  1  1  1  1
31: 1 1 1 1 1 1 1 1 1  1  1  1  1  0  0  1  1  1  1  1
32: 0 1 1 1 1 1 1 1 1  1  1  1  1  1  1  1  1  0  1  1
33: 1 1 1 0 1 1 1 1 0  1  1  1  1  1  1  1  1  1  0  1
34: 1 1 1 1 1 1 1 0 1  1  1  1  1  1  1  1  1  1  1  1
35: 1 1 1 0 1 1 1 0 0  1  1  1  1  1  1  0  1  1  1  1

35 20
    1 2 3 4 5 6 7 8 9 10 11 12 13 14 15 16 17 18 19 20
1:  1 1 1 1 1 0 1 1 0  1  1  0  1  1  0  1  1  1  1  1
2:  1 1 1 1 1 1 1 0 1  1  1  1  1  0  1  1  1  1  1  1
3:  1 1 1 1 1 1 1 1 1  1  1  1  1  1  1  0  1  1  1  0
4:  1 1 1 1 1 1 1 1 1  1  0  1  1  1  1  1  1  1  0  1
5:  1 1 1 1 1 1 1 1 1  1  1  1  1  1  1  1  1  1  1  1
6:  1 1 1 1 1 1 1 1 1  1  1  1  1  0  1  1  1  0  1  1
7:  1 0 1 1 1 1 1 1 0  1  1  1  1  0  1  1  1  1  1  1
8:  1 1 1 1 1 0 1 1 1  1  1  1  0  1  1  1  1  1  0  0
9:  1 1 1 1 1 1 1 1 1  1  1  1  1  1  1  1  1  1  1  1
10: 1 1 1 1 1 1 1 1 1  1  1  1  1  1  1  1  1  1  1  1
11: 1 1 1 1 1 1 1 1 1  1  1  1  1  1  1  1  0  1  1  1
12: 1 1 1 1 1 1 1 1 1  1  1  1  1  1  1  1  1  1  1  1
13: 0 1 1 1 0 1 1 1 0  1  1  1  0  1  1  1  1  1  1  1
14: 0 1 1 1 1 1 1 0 1  1  1  1  0  1  1  1  1  1  1  1
15: 1 1 1 1 1 1 1 1 1  1  1  1  1  1  1  1  1  1  1  1
16: 1 1 1 1 1 0 1 1 1  1  1  1  1  1  1  1  1  0  1  1
17: 1 1 1 1 0 1 1 1 1  1  1  1  1  0  1  1  1  1  1  1
18: 1 1 1 1 1 1 1 1 0  1  1  1  1  0  1  1  1  1  1  1
19: 1 1 1 1 1 1 1 1 1  1  1  1  1  1  1  0  1  1  1  1
20: 1 1 1 1 1 1 1 0 1  1  1  0  0  1  1  1  1  1  1  1
21: 1 1 1 1 1 0 1 1 1  1  1  0  1  1  1  1  0  1  1  1
22: 1 1 1 1 1 1 1 1 1  1  1  1  1  1  1  1  1  1  1  1
23: 1 1 1 1 1 1 1 1 1  1  1  1  1  1  1  0  1  0  1  1
24: 1 1 1 1 1 1 1 1 1  1  1  1  1  1  1  1  1  1  1  1
25: 1 0 1 1 1 0 1 1 1  1  0  0  1  1  1  1  1  1  1  1
26: 1 1 1 1 1 0 1 1 1  1  1  1  1  0  1  0  1  0  1  1
27: 1 1 1 1 1 0 1 1 1  1  1  1  1  1  1  1  1  0  1  1
28: 1 1 1 1 1 0 1 1 1  1  1  1  1  1  1  1  0  1  1  1
29: 1 1 1 1 1 0 1 1 1  1  1  1  1  0  1  1  1  1  1  1
30: 1 1 1 0 1 0 1 1 1  1  1  1  1  1  1  1  1  1  1  1
31: 1 1 1 1 1 1 1 1 1  1  1  1  1  0  0  1  1  1  1  1
32: 0 1 1 1 1 1 1 1 1  1  1  1  1  1  1  1  1  0  1  1
33: 1 1 1 0 1 1 1 1 0  1  1  1  1  1  1  1  1  1  0  1
34: 1 1 1 1 1 1 1 0 1  1  1  1  1  1  1  1  1  1  1  1
35: 1 1 1 0 1 1 1 0 0  1  1  1  1  1  1  0  1  1  1  1


clusters :
   1 2 3 4 5 7 8 10 11 13 14 16 17 18 19 20
1: 1 1 1 1 1 1 1  1  1  1  1  1  1  1  1  1

   1 2 3 4 5 6 7 9 10 11 12 13 15 16 17 18 19 20
2: 1 1 1 1 1 1 1 1  1  1  1  1  1  1  1  1  1  1

   1 2 3 4 5 6 7 8 9 10 11 12 13 14 15 17 18 19
3: 1 1 1 1 1 1 1 1 1  1  1  1  1  1  1  1  1  1

   1 2 3 4 5 6 7 8 9 10 12 13 14 15 16 17 18 20
4: 1 1 1 1 1 1 1 1 1  1  1  1  1  1  1  1  1  1

   1 2 3 4 5 6 7 8 9 10 11 12 13 15 16 17 19 20
6: 1 1 1 1 1 1 1 1 1  1  1  1  1  1  1  1  1  1

   1 3 4 5 6 7 8 10 11 12 13 15 16 17 18 19 20
7: 1 1 1 1 1 1 1  1  1  1  1  1  1  1  1  1  1

   1 2 3 4 5 7 8 9 10 11 12 14 15 16 17 18
8: 1 1 1 1 1 1 1 1  1  1  1  1  1  1  1  1

    1 2 3 4 5 6 7 8 9 10 11 12 13 14 15 16 18 19 20
11: 1 1 1 1 1 1 1 1 1  1  1  1  1  1  1  1  1  1  1

    2 3 4 6 7 8 10 11 12 14 15 16 17 18 19 20
13: 1 1 1 1 1 1  1  1  1  1  1  1  1  1  1  1

    2 3 4 5 6 7 9 10 11 12 14 15 16 17 18 19 20
14: 1 1 1 1 1 1 1  1  1  1  1  1  1  1  1  1  1

    1 2 3 4 6 7 8 9 10 11 12 13 15 16 17 18 19 20
17: 1 1 1 1 1 1 1 1  1  1  1  1  1  1  1  1  1  1

    1 2 3 4 5 6 7 8 10 11 12 13 15 16 17 18 19 20
18: 1 1 1 1 1 1 1 1  1  1  1  1  1  1  1  1  1  1

    1 2 3 4 5 6 7 8 9 10 11 12 13 14 15 17 18 19 20
19: 1 1 1 1 1 1 1 1 1  1  1  1  1  1  1  1  1  1  1

    1 2 3 4 5 6 7 9 10 11 14 15 16 17 18 19 20
20: 1 1 1 1 1 1 1 1  1  1  1  1  1  1  1  1  1

    1 2 3 4 5 7 8 9 10 11 13 14 15 16 18 19 20
21: 1 1 1 1 1 1 1 1  1  1  1  1  1  1  1  1  1

    1 2 3 4 5 6 7 8 9 10 11 12 13 14 15 17 19 20
23: 1 1 1 1 1 1 1 1 1  1  1  1  1  1  1  1  1  1

    1 3 4 5 7 8 9 10 13 14 15 16 17 18 19 20
25: 1 1 1 1 1 1 1  1  1  1  1  1  1  1  1  1

    1 2 3 4 5 7 8 9 10 11 12 13 15 17 19 20
26: 1 1 1 1 1 1 1 1  1  1  1  1  1  1  1  1

    1 2 3 4 5 7 8 9 10 11 12 13 14 15 16 18 19 20
28: 1 1 1 1 1 1 1 1  1  1  1  1  1  1  1  1  1  1

    1 2 3 4 5 7 8 9 10 11 12 13 15 16 17 18 19 20
29: 1 1 1 1 1 1 1 1  1  1  1  1  1  1  1  1  1  1

    1 2 3 5 7 8 9 10 11 12 13 14 15 16 17 18 19 20
30: 1 1 1 1 1 1 1  1  1  1  1  1  1  1  1  1  1  1

    1 2 3 4 5 6 7 8 9 10 11 12 13 16 17 18 19 20
31: 1 1 1 1 1 1 1 1 1  1  1  1  1  1  1  1  1  1

    2 3 4 5 6 7 8 9 10 11 12 13 14 15 16 17 19 20
32: 1 1 1 1 1 1 1 1  1  1  1  1  1  1  1  1  1  1

    1 2 3 5 6 7 8 10 11 12 13 14 15 16 17 18 20
33: 1 1 1 1 1 1 1  1  1  1  1  1  1  1  1  1  1

    1 2 3 4 5 6 7 9 10 11 12 13 14 15 16 17 18 19 20
34: 1 1 1 1 1 1 1 1  1  1  1  1  1  1  1  1  1  1  1

    1 2 3 5 6 7 10 11 12 13 14 15 17 18 19 20
35: 1 1 1 1 1 1  1  1  1  1  1  1  1  1  1  1

    1 2 3 4 5 7 8 9 10 11 12 13 14 15 16 17 19 20
16: 1 1 1 1 1 1 1 1  1  1  1  1  1  1  1  1  1  1
27: 1 1 1 1 1 1 1 1  1  1  1  1  1  1  1  1  1  1

    1 2 3 4 5 6 7 8 9 10 11 12 13 14 15 16 17 18 19 20
5:  1 1 1 1 1 1 1 1 1  1  1  1  1  1  1  1  1  1  1  1
9:  1 1 1 1 1 1 1 1 1  1  1  1  1  1  1  1  1  1  1  1
10: 1 1 1 1 1 1 1 1 1  1  1  1  1  1  1  1  1  1  1  1
12: 1 1 1 1 1 1 1 1 1  1  1  1  1  1  1  1  1  1  1  1
15: 1 1 1 1 1 1 1 1 1  1  1  1  1  1  1  1  1  1  1  1
22: 1 1 1 1 1 1 1 1 1  1  1  1  1  1  1  1  1  1  1  1
24: 1 1 1 1 1 1 1 1 1  1  1  1  1  1  1  1  1  1  1  1

