5 20
   1 2 3 4 5 6 7 8 9 10 11 12 13 14 15 16 17 18 19 20
1: 0 1 1 1 1 1 1 1 1  1  1  0  0  1  1  1  1  1  0  1
2: 1 1 1 1 1 1 1 1 1  1  1  1  1  1  1  1  0  1  1  1
3: 1 1 1 1 1 1 1 1 1  1  1  1  1  1  0  1  1  0  1  1
4: 1 0 0 1 1 1 1 1 1  1  1  1  1  1  1  1  1  1  1  1
5: 1 1 1 1 1 0 1 1 1  1  1  1  1  1  1  1  1  1  1  1


clusters :
   1 2 3 4 5 6 7 8 9 10 11 12 13 14 15 16 17 18 19 20
1: 0 1 1 1 1 1 1 1 1  1  1  0  0  1  1  1  1  1  0  1
2: 1 1 1 1 1 1 1 1 1  1  1  1  1  1  1  1  0  1  1  1
3: 1 1 1 1 1 1 1 1 1  1  1  1  1  1  0  1  1  0  1  1
4: 1 0 0 1 1 1 1 1 1  1  1  1  1  1  1  1  1  1  1  1
5: 1 1 1 1 1 0 1 1 1  1  1  1  1  1  1  1  1  1  1  1

5 20
   1 2 3 4 5 6 7 8 9 10 11 12 13 14 15 16 17 18 19 20
1: 0 1 1 1 1 1 1 1 1  1  1  0  0  1  1  1  1  1  0  1
2: 1 1 1 1 1 1 1 1 1  1  1  1  1  1  1  1  0  1  1  1
3: 1 1 1 1 1 1 1 1 1  1  1  1  1  1  0  1  1  0  1  1
4: 1 0 0 1 1 1 1 1 1  1  1  1  1  1  1  1  1  1  1  1
5: 1 1 1 1 1 0 1 1 1  1  1  1  1  1  1  1  1  1  1  1


clusters :
   2 3 4 5 6 7 8 9 10 11 14 15 16 17 18 20
1: 1 1 1 1 1 1 1 1  1  1  1  1  1  1  1  1

   1 2 3 4 5 6 7 8 9 10 11 12 13 14 15 16 18 19 20
2: 1 1 1 1 1 1 1 1 1  1  1  1  1  1  1  1  1  1  1

   1 2 3 4 5 6 7 8 9 10 11 12 13 14 16 17 19 20
3: 1 1 1 1 1 1 1 1 1  1  1  1  1  1  1  1  1  1

   1 4 5 6 7 8 9 10 11 12 13 14 15 16 17 18 19 20
4: 1 1 1 1 1 1 1  1  1  1  1  1  1  1  1  1  1  1

   1 2 3 4 5 7 8 9 10 11 12 13 14 15 16 17 18 19 20
5: 1 1 1 1 1 1 1 1  1  1  1  1  1  1  1  1  1  1  1

