60 20
    1 2 3 4 5 6 7 8 9 10 11 12 13 14 15 16 17 18 19 20
1:  1 1 1 1 1 1 1 1 1  1  1  1  0  1  0  1  1  1  1  1
2:  1 1 0 1 1 1 1 1 0  1  1  1  0  1  1  0  0  1  1  1
3:  1 1 1 1 1 1 1 1 1  1  1  1  1  0  1  1  1  1  1  1
4:  1 1 1 1 0 0 1 0 1  1  1  1  1  0  0  1  1  1  1  1
5:  1 1 1 0 1 1 1 1 0  1  1  1  1  1  1  1  1  1  1  1
6:  1 1 1 1 1 1 1 1 1  1  1  1  1  1  0  1  1  1  1  0
7:  1 1 0 1 1 1 1 0 1  0  1  1  0  0  1  1  1  1  1  1
8:  1 0 1 1 1 1 1 1 0  1  1  1  1  1  1  0  1  1  0  0
9:  1 1 0 1 1 1 0 1 1  1  1  0  1  1  1  1  1  1  0  1
10: 0 0 1 1 1 0 1 1 1  1  0  1  1  1  1  0  1  1  1  1
11: 1 1 1 0 1 1 1 1 1  1  0  0  1  1  1  1  1  1  1  1
12: 0 0 1 0 1 1 1 1 1  0  1  1  1  1  0  1  1  1  1  1
13: 1 1 1 1 1 1 1 0 1  1  1  1  1  1  0  0  1  1  1  1
14: 1 0 0 1 0 1 0 0 1  1  1  1  1  1  1  1  1  0  1  0
15: 0 1 1 0 0 1 0 0 1  1  1  1  1  1  1  1  1  1  1  0
16: 0 1 0 1 1 1 1 1 1  0  0  1  1  1  1  1  1  1  1  1
17: 0 0 1 1 1 1 1 1 1  1  1  1  1  1  1  1  1  0  1  1
18: 1 0 1 1 1 1 1 1 0  1  0  1  1  1  1  1  1  0  1  0
19: 1 1 1 1 1 1 1 0 1  1  1  1  1  1  0  1  1  1  0  1
20: 1 1 1 0 1 1 1 0 1  0  1  1  1  0  1  0  1  0  1  1
21: 1 1 1 1 1 1 1 1 1  1  0  1  1  1  1  1  1  1  1  1
22: 1 1 1 1 1 0 1 1 1  1  1  1  1  1  0  1  1  0  1  1
23: 1 1 1 1 1 0 1 1 1  1  1  1  1  1  1  1  0  1  1  1
24: 1 1 1 1 1 1 1 0 1  1  1  1  1  1  1  1  1  1  0  1
25: 1 1 1 1 1 1 0 0 0  1  1  0  1  1  1  1  1  1  1  1
26: 1 1 1 1 1 1 1 1 1  1  1  0  1  1  1  1  0  0  1  1
27: 1 1 1 1 1 1 1 1 0  1  1  1  1  1  1  1  1  1  1  1
28: 1 1 0 1 0 1 1 1 1  0  1  1  1  1  1  1  1  1  1  1
29: 1 1 1 1 1 1 1 0 1  1  1  1  0  0  1  0  1  1  0  0
30: 1 0 0 1 1 1 1 1 1  1  1  1  0  0  1  1  1  1  1  1
31: 1 0 0 0 1 1 0 1 1  1  1  1  0  1  1  0  1  1  1  1
32: 1 1 1 1 1 1 1 1 1  1  1  0  0  0  1  1  1  1  1  1
33: 1 1 1 1 1 1 1 1 1  1  1  0  1  0  1  1  1  1  1  1
34: 0 1 1 1 1 1 1 0 1  1  1  1  1  1  1  1  1  1  0  1
35: 1 1 1 0 1 1 0 1 0  0  1  1  1  1  0  1  1  1  1  1
36: 1 1 1 0 0 0 0 1 1  1  1  1  1  1  1  1  1  1  1  1
37: 1 1 1 0 1 0 1 1 1  1  0  0  1  1  0  1  0  0  1  1
38: 1 1 1 1 0 1 0 0 1  1  1  1  1  1  1  1  1  1  1  0
39: 1 1 1 1 1 1 1 1 1  1  0  1  1  0  0  1  1  1  0  1
40: 1 1 1 1 1 0 1 1 1  1  0  1  1  1  1  1  1  1  0  1
41: 1 1 1 1 1 1 1 1 0  0  1  0  1  1  1  0  1  1  1  1
42: 1 0 0 1 0 1 1 1 0  0  0  1  1  1  0  1  1  1  1  1
43: 1 0 0 1 0 1 1 1 1  1  1  1  0  1  1  1  1  0  1  1
44: 1 0 1 1 0 0 1 1 1  1  1  1  0  0  1  1  1  1  1  1
45: 0 1 1 1 1 1 1 1 0  1  0  1  1  1  1  1  1  1  1  1
46: 1 1 1 1 1 1 1 1 1  1  1  1  1  1  0  1  1  0  0  1
47: 1 1 0 1 1 1 1 1 1  1  1  1  1  1  1  1  1  1  1  0
48: 1 1 1 0 1 1 0 1 1  1  1  1  1  1  0  0  1  1  1  1
49: 1 1 0 0 1 0 0 1 1  1  1  1  1  1  1  1  1  1  1  0
50: 1 0 0 1 0 1 1 1 1  0  1  1  0  0  1  1  1  1  1  1
51: 1 0 1 1 0 1 1 1 1  1  1  1  0  1  0  0  0  1  1  1
52: 1 0 1 0 1 1 1 1 1  1  1  1  1  1  1  1  1  0  0  1
53: 1 1 0 1 1 0 0 1 1  1  1  1  1  1  1  1  1  1  1  0
54: 0 1 1 0 1 1 1 1 1  0  1  0  1  0  1  1  1  0  1  0
55: 1 1 1 1 0 1 1 1 1  1  1  1  1  0  0  1  1  1  1  1
56: 1 1 0 0 0 1 0 1 1  0  1  1  0  1  0  1  1  1  1  0
57: 1 1 1 1 0 1 1 1 1  1  1  1  1  1  1  1  0  1  1  1
58: 1 1 1 1 1 1 1 1 1  1  1  1  1  1  1  1  0  1  1  0
59: 1 1 1 0 0 1 0 1 1  1  1  1  1  1  1  1  1  1  1  0
60: 1 1 1 1 0 1 1 1 1  1  0  1  1  1  0  0  1  1  1  0


clusters :
   1 2 3 4 7 9 10 11 12 13 16 17 18 19 20
4: 1 1 1 1 1 1  1  1  1  1  1  1  1  1  1

   1 2 4 5 6 7 9 11 12 15 16 17 18 19 20
7: 1 1 1 1 1 1 1  1  1  1  1  1  1  1  1

   1 3 4 5 6 7 8 10 11 12 13 14 15 17 18
8: 1 1 1 1 1 1 1  1  1  1  1  1  1  1  1

   1 2 4 5 6 8 9 10 11 13 14 15 16 17 18 20
9: 1 1 1 1 1 1 1  1  1  1  1  1  1  1  1  1

   3 4 5 7 8 9 10 12 13 14 15 17 18 19 20
10: 1 1 1 1 1 1  1  1  1  1  1  1  1  1  1

    3 5 6 7 8 9 11 12 13 14 16 17 18 19 20
12: 1 1 1 1 1 1  1  1  1  1  1  1  1  1  1

    1 4 6 9 10 11 12 13 14 15 16 17 19
14: 1 1 1 1  1  1  1  1  1  1  1  1  1

    1 3 4 5 6 7 8 10 12 13 14 15 16 17 19
18: 1 1 1 1 1 1 1  1  1  1  1  1  1  1  1

    1 2 3 5 6 7 9 11 12 13 15 17 19 20
20: 1 1 1 1 1 1 1  1  1  1  1  1  1  1

    1 5 6 8 9 10 11 12 14 15 17 18 19 20
31: 1 1 1 1 1  1  1  1  1  1  1  1  1  1

    1 2 3 8 9 10 11 12 13 14 15 16 17 18 19 20
36: 1 1 1 1 1  1  1  1  1  1  1  1  1  1  1  1

    1 2 3 5 7 8 9 10 13 14 16 19 20
37: 1 1 1 1 1 1 1  1  1  1  1  1  1

    1 4 6 7 8 12 13 14 16 17 18 19 20
42: 1 1 1 1 1  1  1  1  1  1  1  1  1

    1 4 6 7 8 9 10 11 12 14 15 16 17 19 20
43: 1 1 1 1 1 1  1  1  1  1  1  1  1  1  1

    1 3 4 7 8 9 10 11 12 15 16 17 18 19 20
44: 1 1 1 1 1 1  1  1  1  1  1  1  1  1  1

    1 3 4 6 7 8 9 10 11 12 14 18 19 20
51: 1 1 1 1 1 1 1  1  1  1  1  1  1  1

    2 3 5 6 7 8 9 11 13 15 16 17 19
54: 1 1 1 1 1 1 1  1  1  1  1  1  1

    1 2 6 8 9 11 12 14 16 17 18 19
56: 1 1 1 1 1  1  1  1  1  1  1  1

    1 2 3 4 6 7 8 9 10 12 13 14 17 18 19
60: 1 1 1 1 1 1 1 1  1  1  1  1  1  1  1

    1 2 4 5 8 9 10 11 12 13 14 15 16 17 18 19
49: 1 1 0 1 1 1  1  1  1  1  1  1  1  1  1  1
53: 1 1 1 1 1 1  1  1  1  1  1  1  1  1  1  1

    1 2 3 4 5 6 7 8 9 10 11 12 13 14 15 16 17 18 19
6:  1 1 1 1 1 1 1 1 1  1  1  1  1  1  0  1  1  1  1
47: 1 1 0 1 1 1 1 1 1  1  1  1  1  1  1  1  1  1  1

    1 4 5 6 7 8 9 10 11 12 15 16 17 18 19 20
30: 1 1 1 1 1 1 1  1  1  1  1  1  1  1  1  1
50: 1 1 0 1 1 1 1  0  1  1  1  1  1  1  1  1

    1 2 3 4 5 6 7 8 9 10 12 13 14 15 16 17 18 19 20
11: 1 1 1 0 1 1 1 1 1  1  0  1  1  1  1  1  1  1  1
21: 1 1 1 1 1 1 1 1 1  1  1  1  1  1  1  1  1  1  1
40: 1 1 1 1 1 0 1 1 1  1  1  1  1  1  1  1  1  0  1

    1 2 3 4 5 6 7 9 10 11 12 13 14 15 16 17 18 20
19: 1 1 1 1 1 1 1 1  1  1  1  1  1  0  1  1  1  1
24: 1 1 1 1 1 1 1 1  1  1  1  1  1  1  1  1  1  1
29: 1 1 1 1 1 1 1 1  1  1  1  0  0  1  0  1  1  0
34: 0 1 1 1 1 1 1 1  1  1  1  1  1  1  1  1  1  1

    1 3 4 5 6 7 8 9 10 11 12 13 14 15 16 17 19 20
17: 0 1 1 1 1 1 1 1  1  1  1  1  1  1  1  1  1  1
52: 1 1 0 1 1 1 1 1  1  1  1  1  1  1  1  1  0  1

    1 2 4 5 6 7 8 9 11 12 13 14 15 16 17 18 19 20
16: 0 1 1 1 1 1 1 1  0  1  1  1  1  1  1  1  1  1
28: 1 1 1 0 1 1 1 1  1  1  1  1  1  1  1  1  1  1

    1 2 3 4 5 6 7 8 9 10 11 12 13 15 16 17 18 19 20
3:  1 1 1 1 1 1 1 1 1  1  1  1  1  1  1  1  1  1  1
32: 1 1 1 1 1 1 1 1 1  1  1  0  0  1  1  1  1  1  1
33: 1 1 1 1 1 1 1 1 1  1  1  0  1  1  1  1  1  1  1
39: 1 1 1 1 1 1 1 1 1  1  0  1  1  0  1  1  1  0  1
55: 1 1 1 1 0 1 1 1 1  1  1  1  1  0  1  1  1  1  1

    1 2 3 5 6 8 9 10 11 12 13 14 16 17 18 19 20
35: 1 1 1 1 1 1 0  0  1  1  1  1  1  1  1  1  1
48: 1 1 1 1 1 1 1  1  1  1  1  1  0  1  1  1  1

    1 2 3 4 5 6 7 8 9 10 11 12 13 14 16 17 18 19 20
1:  1 1 1 1 1 1 1 1 1  1  1  1  0  1  1  1  1  1  1
13: 1 1 1 1 1 1 1 0 1  1  1  1  1  1  0  1  1  1  1
22: 1 1 1 1 1 0 1 1 1  1  1  1  1  1  1  1  0  1  1
46: 1 1 1 1 1 1 1 1 1  1  1  1  1  1  1  1  0  0  1

    1 2 3 4 5 6 7 8 10 11 12 13 14 15 16 17 18 19 20
5:  1 1 1 0 1 1 1 1  1  1  1  1  1  1  1  1  1  1  1
25: 1 1 1 1 1 1 0 0  1  1  0  1  1  1  1  1  1  1  1
27: 1 1 1 1 1 1 1 1  1  1  1  1  1  1  1  1  1  1  1
41: 1 1 1 1 1 1 1 1  0  1  0  1  1  1  0  1  1  1  1
45: 0 1 1 1 1 1 1 1  1  0  1  1  1  1  1  1  1  1  1

    1 2 3 4 5 6 7 8 9 10 11 12 13 14 15 16 18 19 20
2:  1 1 0 1 1 1 1 1 0  1  1  1  0  1  1  0  1  1  1
23: 1 1 1 1 1 0 1 1 1  1  1  1  1  1  1  1  1  1  1
26: 1 1 1 1 1 1 1 1 1  1  1  0  1  1  1  1  0  1  1
57: 1 1 1 1 0 1 1 1 1  1  1  1  1  1  1  1  1  1  1
58: 1 1 1 1 1 1 1 1 1  1  1  1  1  1  1  1  1  1  0

    1 2 3 4 6 8 9 10 11 12 13 14 15 16 17 18 19
15: 0 1 1 0 1 0 1  1  1  1  1  1  1  1  1  1  1
38: 1 1 1 1 1 0 1  1  1  1  1  1  1  1  1  1  1
59: 1 1 1 0 1 1 1  1  1  1  1  1  1  1  1  1  1

