105 20
     1 2 3 4 5 6 7 8 9 10 11 12 13 14 15 16 17 18 19 20
1:   0 1 1 1 1 1 1 0 0  0  0  1  0  1  1  1  1  0  1  1
2:   1 1 0 1 0 1 1 1 0  0  1  1  0  0  1  1  0  1  1  0
3:   1 1 1 1 0 0 1 1 0  1  1  0  0  0  0  0  1  0  0  1
4:   1 1 1 0 1 0 1 0 1  1  0  1  0  1  1  0  1  0  0  0
5:   1 1 0 0 1 0 1 1 0  1  0  1  0  1  0  1  0  1  1  1
6:   1 0 1 1 1 1 1 0 1  1  1  0  1  1  1  0  0  1  0  0
7:   1 1 0 1 1 1 0 0 0  1  1  0  1  0  1  0  1  1  1  0
8:   1 0 0 1 1 0 1 0 1  1  1  0  0  1  1  1  0  0  1  1
9:   1 0 1 0 1 1 1 0 1  0  0  1  1  1  0  0  0  0  0  0
10:  1 0 1 1 0 0 0 0 1  1  0  0  1  0  0  0  0  1  0  0
11:  0 0 0 0 0 1 1 0 1  0  1  0  1  0  0  0  1  1  1  1
12:  0 0 1 0 0 1 1 0 0  0  1  0  0  0  1  1  1  1  1  1
13:  1 1 1 0 0 0 0 0 1  1  0  1  0  0  0  1  1  0  0  0
14:  1 0 0 1 1 0 0 1 1  1  1  1  1  1  0  0  1  1  1  0
15:  1 1 1 0 0 1 0 1 0  1  0  1  0  0  0  0  1  0  0  0
16:  1 0 1 1 1 1 1 1 1  0  1  0  0  0  0  1  1  0  0  0
17:  1 1 0 1 0 0 1 1 0  1  1  0  0  1  1  0  1  1  0  1
18:  1 1 0 0 1 1 1 1 0  0  1  0  1  1  1  1  1  1  0  0
19:  1 0 0 1 1 0 1 0 0  0  1  0  0  1  0  1  0  0  0  0
20:  1 1 1 0 0 1 1 0 0  0  1  0  1  1  0  0  0  1  1  1
21:  1 1 0 1 1 0 1 1 1  1  0  1  0  0  1  0  0  1  1  1
22:  0 1 1 0 1 0 0 0 0  0  0  1  1  0  0  1  1  0  0  0
23:  1 1 1 1 1 1 0 0 0  0  1  1  1  1  1  0  0  0  0  0
24:  1 0 0 0 0 1 1 0 0  1  1  0  1  0  1  0  0  0  0  1
25:  0 1 1 1 0 1 1 1 1  0  0  1  0  1  1  1  0  1  0  0
26:  1 1 1 0 0 1 1 0 0  0  1  0  0  0  1  0  1  0  1  0
27:  0 0 1 1 1 1 1 0 1  0  0  1  0  0  1  0  1  0  1  1
28:  1 0 0 0 0 1 0 0 1  1  1  0  0  0  0  0  0  0  0  0
29:  0 0 0 0 1 0 1 1 1  0  1  0  1  1  0  0  1  1  1  0
30:  1 0 1 0 0 0 0 0 1  0  0  0  0  1  0  0  1  1  0  1
31:  1 1 0 1 1 0 1 0 1  0  1  1  0  0  0  1  1  1  1  0
32:  1 1 0 1 1 1 0 1 1  1  0  1  1  0  1  0  0  1  1  0
33:  1 0 1 1 0 1 0 1 1  1  1  1  0  0  1  0  0  1  1  0
34:  1 1 1 1 0 1 0 0 0  0  1  1  0  1  1  0  1  1  0  1
35:  0 0 0 0 0 0 1 0 0  0  0  1  0  0  1  1  1  1  1  0
36:  0 1 1 0 0 0 0 0 1  0  1  0  1  0  0  0  0  1  1  0
37:  1 0 0 1 1 0 0 1 1  1  0  0  1  1  1  0  0  0  0  1
38:  0 0 0 1 0 0 0 1 0  1  0  1  0  0  0  1  0  0  0  0
39:  0 1 1 0 1 0 0 1 1  0  0  1  1  1  0  0  0  1  0  1
40:  1 0 1 1 1 0 0 0 0  0  0  1  1  1  1  0  0  0  1  0
41:  0 1 0 0 0 1 1 1 1  1  0  0  0  1  1  1  1  0  0  0
42:  0 0 1 1 0 0 1 0 1  0  0  0  0  0  0  1  0  0  0  1
43:  1 0 1 0 1 1 0 0 0  1  1  0  0  1  1  0  1  1  0  1
44:  0 0 1 0 1 1 1 1 1  1  0  0  1  0  1  0  1  0  0  0
45:  1 1 1 1 0 1 1 0 1  1  0  0  1  0  1  0  1  0  0  0
46:  1 1 1 0 0 0 0 1 1  0  0  1  1  0  1  1  1  0  1  1
47:  1 0 0 1 0 0 0 0 1  0  0  0  1  1  1  1  1  1  0  0
48:  1 0 0 0 0 1 0 1 0  0  0  1  0  0  1  1  1  1  0  0
49:  1 0 0 1 1 1 1 0 1  1  1  1  1  0  0  0  0  1  1  1
50:  1 0 1 0 0 0 1 1 0  0  1  1  1  0  0  0  0  0  1  1
51:  1 0 1 0 1 0 1 0 0  1  1  1  0  0  0  1  1  1  0  1
52:  1 0 1 1 0 1 1 1 0  1  1  0  1  1  1  0  1  1  1  0
53:  1 1 0 0 1 1 0 0 0  1  1  0  1  0  1  0  1  0  0  0
54:  0 0 1 1 1 1 1 0 1  1  1  0  1  0  0  0  0  0  0  0
55:  1 0 1 0 1 1 0 0 0  1  0  0  1  0  0  1  0  0  0  0
56:  1 0 1 1 0 1 0 1 0  0  0  0  1  1  0  1  0  0  0  1
57:  1 1 1 0 0 1 0 0 0  0  0  1  1  1  0  0  1  0  0  1
58:  0 0 1 0 1 1 1 0 0  0  1  1  0  1  0  0  1  0  0  0
59:  0 0 1 0 0 0 0 0 1  0  0  0  1  0  0  1  0  1  1  0
60:  0 1 0 1 0 0 0 0 1  0  0  0  1  1  1  0  1  0  1  1
61:  0 1 0 0 1 0 1 0 0  1  1  0  1  1  1  0  1  1  0  0
62:  1 1 0 1 1 1 0 1 1  1  0  0  0  0  0  1  0  0  0  1
63:  0 1 0 1 1 1 0 0 1  1  1  0  1  0  1  1  1  1  1  0
64:  1 0 0 0 0 0 1 0 1  1  0  0  1  0  0  0  1  0  1  1
65:  1 0 0 0 1 0 1 1 1  0  0  0  1  0  1  0  1  1  0  0
66:  0 0 1 1 1 1 1 0 0  0  0  0  0  0  1  0  0  0  1  0
67:  1 1 0 0 1 1 1 1 1  1  0  1  1  1  1  0  0  0  0  1
68:  0 0 0 0 0 0 1 0 0  0  0  1  0  0  1  0  1  0  1  0
69:  1 1 0 0 0 1 0 1 1  1  1  1  0  0  1  1  0  0  0  0
70:  1 1 0 0 0 0 0 0 0  1  1  0  1  0  0  1  0  1  1  1
71:  1 1 0 0 0 1 1 0 1  0  0  0  1  1  1  1  1  1  1  0
72:  0 0 0 0 0 1 1 0 1  1  1  1  1  1  0  0  1  0  0  0
73:  1 1 1 1 1 1 1 0 1  0  1  0  0  0  1  1  0  1  0  1
74:  1 0 0 0 0 1 0 1 0  0  1  1  0  1  1  0  1  1  0  1
75:  0 1 0 0 0 1 1 1 0  1  0  1  0  1  0  1  0  1  0  0
76:  0 0 0 0 0 0 0 0 1  1  0  1  0  1  0  0  1  1  0  1
77:  0 1 1 1 1 0 0 1 1  1  0  0  0  1  1  1  1  0  1  1
78:  0 1 1 0 0 1 1 1 1  0  0  0  1  0  1  0  1  1  0  1
79:  1 1 1 0 1 0 1 1 0  1  0  1  0  0  1  1  1  1  1  1
80:  0 0 1 1 0 1 0 0 0  1  1  0  0  0  0  0  0  1  0  0
81:  1 0 1 0 0 0 1 0 1  0  0  1  1  0  0  0  0  1  0  0
82:  1 0 0 0 0 0 1 0 0  0  1  0  0  1  1  0  1  1  0  1
83:  0 1 1 1 1 1 1 1 0  1  0  1  1  0  0  1  1  1  1  1
84:  0 1 0 0 0 1 1 1 0  1  1  1  0  1  0  1  1  1  0  1
85:  1 1 0 1 0 0 0 0 1  1  0  1  1  0  0  1  0  1  1  0
86:  0 0 0 1 0 1 0 1 1  0  1  0  1  0  1  0  1  0  0  0
87:  1 0 0 0 0 0 0 1 0  0  0  0  1  0  0  1  1  0  1  0
88:  0 1 0 1 0 1 1 0 1  0  1  1  1  1  0  0  0  0  1  1
89:  0 1 0 0 1 0 0 1 0  0  1  1  0  1  1  1  0  1  0  1
90:  1 0 0 0 1 0 1 0 1  1  1  0  0  0  1  0  0  1  1  0
91:  1 0 0 0 1 1 0 1 0  1  0  0  0  0  0  0  1  0  1  0
92:  0 1 0 1 1 1 0 1 0  0  0  1  0  0  1  1  1  0  1  0
93:  1 1 0 0 1 1 0 0 1  1  0  1  0  1  1  1  1  1  1  0
94:  1 0 0 1 0 0 1 0 1  0  1  1  0  1  0  1  0  1  1  1
95:  1 1 0 0 0 0 1 0 1  1  1  1  1  0  1  1  1  0  1  1
96:  1 0 1 0 1 1 0 1 0  0  1  1  0  1  0  0  1  0  1  1
97:  1 0 0 0 0 1 0 0 1  1  1  0  1  0  1  1  1  0  0  0
98:  1 1 0 1 1 0 1 1 1  1  0  1  0  1  1  0  0  0  1  1
99:  0 0 1 0 1 1 1 1 1  1  1  0  1  0  0  1  1  1  1  0
100: 0 1 0 1 0 0 0 0 0  0  0  0  1  0  1  1  1  1  1  1
101: 1 0 1 0 1 1 1 0 0  1  0  0  0  1  1  0  1  0  0  0
102: 0 1 0 1 0 1 0 0 1  0  1  0  1  0  1  1  1  1  0  1
103: 1 1 0 1 1 1 1 1 1  0  0  1  1  1  0  0  1  0  1  0
104: 1 0 0 1 0 0 0 1 1  1  1  1  1  1  1  0  0  0  0  1
105: 0 0 1 1 1 1 0 1 0  1  0  1  0  1  1  0  0  1  0  0


clusters :
   2 3 4 5 6 7 12 14 15 16 17 19 20
1: 1 1 1 1 1 1  1  1  1  1  1  1  1

   1 2 4 6 7 8 11 12 15 16 18 19
2: 1 1 1 1 1 1  1  1  1  1  1  1

   1 2 3 4 7 8 10 11 17 20
3: 1 1 1 1 1 1  1  1  1  1

   1 2 3 5 7 9 10 12 14 15 17
4: 1 1 1 1 1 1  1  1  1  1  1

   1 2 5 7 8 10 12 14 16 18 19 20
5: 1 1 1 1 1  1  1  1  1  1  1  1

   1 3 4 5 6 7 9 10 11 13 14 15 18
6: 1 1 1 1 1 1 1  1  1  1  1  1  1

   1 2 4 5 6 10 11 13 15 17 18 19
7: 1 1 1 1 1  1  1  1  1  1  1  1

   1 4 5 7 9 10 11 14 15 16 19 20
8: 1 1 1 1 1  1  1  1  1  1  1  1

   1 3 5 6 7 9 12 13 14
9: 1 1 1 1 1 1  1  1  1

   1 3 4 9 10 13 18
10: 1 1 1 1  1  1  1

    6 7 9 11 13 17 18 19 20
11: 1 1 1  1  1  1  1  1  1

    3 6 7 11 15 16 17 18 19 20
12: 1 1 1  1  1  1  1  1  1  1

    1 2 3 9 10 12 16 17
13: 1 1 1 1  1  1  1  1

    1 4 5 8 9 10 11 12 13 14 17 18 19
14: 1 1 1 1 1  1  1  1  1  1  1  1  1

    1 2 3 6 8 10 12 17
15: 1 1 1 1 1  1  1  1

    1 3 4 5 6 7 8 9 11 16 17
16: 1 1 1 1 1 1 1 1  1  1  1

    1 2 4 7 8 10 11 14 15 17 18 20
17: 1 1 1 1 1  1  1  1  1  1  1  1

    1 2 5 6 7 8 11 13 14 15 16 17 18
18: 1 1 1 1 1 1  1  1  1  1  1  1  1

    1 4 5 7 11 14 16
19: 1 1 1 1  1  1  1

    1 2 3 6 7 11 13 14 18 19 20
20: 1 1 1 1 1  1  1  1  1  1  1

    1 2 4 5 7 8 9 10 12 15 18 19 20
21: 1 1 1 1 1 1 1  1  1  1  1  1  1

    2 3 5 12 13 16 17
22: 1 1 1  1  1  1  1

    1 2 3 4 5 6 11 12 13 14 15
23: 1 1 1 1 1 1  1  1  1  1  1

    1 6 7 10 11 13 15 20
24: 1 1 1  1  1  1  1  1

    2 3 4 6 7 8 9 12 14 15 16 18
25: 1 1 1 1 1 1 1  1  1  1  1  1

    1 2 3 6 7 11 15 17 19
26: 1 1 1 1 1  1  1  1  1

    3 4 5 6 7 9 12 15 17 19 20
27: 1 1 1 1 1 1  1  1  1  1  1

    1 6 9 10 11
28: 1 1 1  1  1

    5 7 8 9 11 13 14 17 18 19
29: 1 1 1 1  1  1  1  1  1  1

    1 3 9 14 17 18 20
30: 1 1 1  1  1  1  1

    1 2 4 5 7 9 11 12 16 17 18 19
31: 1 1 1 1 1 1  1  1  1  1  1  1

    1 2 4 5 6 8 9 10 12 13 15 18 19
32: 1 1 1 1 1 1 1  1  1  1  1  1  1

    1 3 4 6 8 9 10 11 12 15 18 19
33: 1 1 1 1 1 1  1  1  1  1  1  1

    1 2 3 4 6 11 12 14 15 17 18 20
34: 1 1 1 1 1  1  1  1  1  1  1  1

    7 12 15 16 17 18 19
35: 1  1  1  1  1  1  1

    2 3 9 11 13 18 19
36: 1 1 1  1  1  1  1

    1 4 5 8 9 10 13 14 15 20
37: 1 1 1 1 1  1  1  1  1  1

    4 8 10 12 16
38: 1 1  1  1  1

    2 3 5 8 9 12 13 14 18 20
39: 1 1 1 1 1  1  1  1  1  1

    1 3 4 5 12 13 14 15 19
40: 1 1 1 1  1  1  1  1  1

    2 6 7 8 9 10 14 15 16 17
41: 1 1 1 1 1  1  1  1  1  1

    3 4 7 9 16 20
42: 1 1 1 1  1  1

    1 3 5 6 10 11 14 15 17 18 20
43: 1 1 1 1  1  1  1  1  1  1  1

    3 5 6 7 8 9 10 13 15 17
44: 1 1 1 1 1 1  1  1  1  1

    1 2 3 4 6 7 9 10 13 15 17
45: 1 1 1 1 1 1 1  1  1  1  1

    1 2 3 8 9 12 13 15 16 17 19 20
46: 1 1 1 1 1  1  1  1  1  1  1  1

    1 4 9 13 14 15 16 17 18
47: 1 1 1  1  1  1  1  1  1

    1 6 8 12 15 16 17 18
48: 1 1 1  1  1  1  1  1

    1 4 5 6 7 9 10 11 12 13 18 19 20
49: 1 1 1 1 1 1  1  1  1  1  1  1  1

    1 3 7 8 11 12 13 19 20
50: 1 1 1 1  1  1  1  1  1

    1 3 5 7 10 11 12 16 17 18 20
51: 1 1 1 1  1  1  1  1  1  1  1

    1 3 4 6 7 8 10 11 13 14 15 17 18 19
52: 1 1 1 1 1 1  1  1  1  1  1  1  1  1

    1 2 5 6 10 11 13 15 17
53: 1 1 1 1  1  1  1  1  1

    3 4 5 6 7 9 10 11 13
54: 1 1 1 1 1 1  1  1  1

    1 3 5 6 10 13 16
55: 1 1 1 1  1  1  1

    1 3 4 6 8 13 14 16 20
56: 1 1 1 1 1  1  1  1  1

    1 2 3 6 12 13 14 17 20
57: 1 1 1 1  1  1  1  1  1

    3 5 6 7 11 12 14 17
58: 1 1 1 1  1  1  1  1

    3 9 13 16 18 19
59: 1 1  1  1  1  1

    2 4 9 13 14 15 17 19 20
60: 1 1 1  1  1  1  1  1  1

    2 5 7 10 11 13 14 15 17 18
61: 1 1 1  1  1  1  1  1  1  1

    1 2 4 5 6 8 9 10 16 20
62: 1 1 1 1 1 1 1  1  1  1

    2 4 5 6 9 10 11 13 15 16 17 18 19
63: 1 1 1 1 1  1  1  1  1  1  1  1  1

    1 7 9 10 13 17 19 20
64: 1 1 1  1  1  1  1  1

    1 5 7 8 9 13 15 17 18
65: 1 1 1 1 1  1  1  1  1

    3 4 5 6 7 15 19
66: 1 1 1 1 1  1  1

    1 2 5 6 7 8 9 10 12 13 14 15 20
67: 1 1 1 1 1 1 1  1  1  1  1  1  1

    7 12 15 17 19
68: 1  1  1  1  1

    1 2 6 8 9 10 11 12 15 16
69: 1 1 1 1 1  1  1  1  1  1

    1 2 10 11 13 16 18 19 20
70: 1 1  1  1  1  1  1  1  1

    1 2 6 7 9 13 14 15 16 17 18 19
71: 1 1 1 1 1  1  1  1  1  1  1  1

    6 7 9 10 11 12 13 14 17
72: 1 1 1  1  1  1  1  1  1

    1 2 3 4 5 6 7 9 11 15 16 18 20
73: 1 1 1 1 1 1 1 1  1  1  1  1  1

    1 6 8 11 12 14 15 17 18 20
74: 1 1 1  1  1  1  1  1  1  1

    2 6 7 8 10 12 14 16 18
75: 1 1 1 1  1  1  1  1  1

    9 10 12 14 17 18 20
76: 1  1  1  1  1  1  1

    2 3 4 5 8 9 10 14 15 16 17 19 20
77: 1 1 1 1 1 1  1  1  1  1  1  1  1

    2 3 6 7 8 9 13 15 17 18 20
78: 1 1 1 1 1 1  1  1  1  1  1

    1 2 3 5 7 8 10 12 15 16 17 18 19 20
79: 1 1 1 1 1 1  1  1  1  1  1  1  1  1

    3 4 6 10 11 18
80: 1 1 1  1  1  1

    1 3 7 9 12 13 18
81: 1 1 1 1  1  1  1

    1 7 11 14 15 17 18 20
82: 1 1  1  1  1  1  1  1

    2 3 4 5 6 7 8 10 12 13 16 17 18 19 20
83: 1 1 1 1 1 1 1  1  1  1  1  1  1  1  1

    2 6 7 8 10 11 12 14 16 17 18 20
84: 1 1 1 1  1  1  1  1  1  1  1  1

    1 2 4 9 10 12 13 16 18 19
85: 1 1 1 1  1  1  1  1  1  1

    4 6 8 9 11 13 15 17
86: 1 1 1 1  1  1  1  1

    1 8 13 16 17 19
87: 1 1  1  1  1  1

    2 4 6 7 9 11 12 13 14 19 20
88: 1 1 1 1 1  1  1  1  1  1  1

    2 5 8 11 12 14 15 16 18 20
89: 1 1 1  1  1  1  1  1  1  1

    1 5 7 9 10 11 15 18 19
90: 1 1 1 1  1  1  1  1  1

    1 5 6 8 10 17 19
91: 1 1 1 1  1  1  1

    2 4 5 6 8 12 15 16 17 19
92: 1 1 1 1 1  1  1  1  1  1

    1 2 5 6 9 10 12 14 15 16 17 18 19
93: 1 1 1 1 1  1  1  1  1  1  1  1  1

    1 4 7 9 11 12 14 16 18 19 20
94: 1 1 1 1  1  1  1  1  1  1  1

    1 2 7 9 10 11 12 13 15 16 17 19 20
95: 1 1 1 1  1  1  1  1  1  1  1  1  1

    1 3 5 6 8 11 12 14 17 19 20
96: 1 1 1 1 1  1  1  1  1  1  1

    1 6 9 10 11 13 15 16 17
97: 1 1 1  1  1  1  1  1  1

    1 2 4 5 7 8 9 10 12 14 15 19 20
98: 1 1 1 1 1 1 1  1  1  1  1  1  1

    3 5 6 7 8 9 10 11 13 16 17 18 19
99: 1 1 1 1 1 1  1  1  1  1  1  1  1

    2 4 13 15 16 17 18 19 20
100: 1 1  1  1  1  1  1  1  1

     1 3 5 6 7 10 14 15 17
101: 1 1 1 1 1  1  1  1  1

     2 4 6 9 11 13 15 16 17 18 20
102: 1 1 1 1  1  1  1  1  1  1  1

     1 2 4 5 6 7 8 9 12 13 14 17 19
103: 1 1 1 1 1 1 1 1  1  1  1  1  1

     1 4 8 9 10 11 12 13 14 15 20
104: 1 1 1 1  1  1  1  1  1  1  1

     3 4 5 6 8 10 12 14 15 18
105: 1 1 1 1 1  1  1  1  1  1

