50 20
    1 2 3 4 5 6 7 8 9 10 11 12 13 14 15 16 17 18 19 20
1:  1 1 1 1 1 1 1 1 1  1  1  1  1  0  1  1  1  1  1  1
2:  1 1 1 1 1 1 0 1 1  1  1  1  0  1  1  1  1  1  1  1
3:  1 1 1 1 1 1 1 1 1  1  1  0  1  1  1  1  1  0  1  1
4:  0 1 1 0 1 0 0 1 1  1  1  1  1  1  1  1  1  1  1  1
5:  1 1 0 1 1 1 1 0 1  1  1  1  1  1  1  1  1  1  1  1
6:  1 1 1 1 1 1 1 1 0  0  0  1  1  1  0  1  1  1  1  1
7:  1 1 1 1 1 1 1 1 1  1  1  1  1  1  1  1  1  1  1  1
8:  1 1 1 1 1 1 1 1 1  1  1  0  1  1  1  0  1  1  1  1
9:  1 1 1 1 1 1 1 1 1  1  1  1  1  1  1  0  1  1  1  1
10: 1 1 1 1 1 0 1 1 1  1  1  1  0  1  1  1  1  1  1  0
11: 1 1 1 1 1 0 1 1 1  1  1  1  1  1  1  1  1  1  1  1
12: 1 1 1 1 1 1 1 1 1  1  1  1  1  1  1  1  1  1  1  1
13: 1 1 1 1 1 1 1 1 1  1  1  1  0  1  1  0  0  0  1  1
14: 0 1 1 1 1 1 1 1 1  1  1  1  1  1  0  1  1  1  1  0
15: 1 0 0 1 1 1 1 1 1  1  1  1  1  1  1  1  1  1  1  1
16: 1 1 1 1 1 1 0 1 1  1  0  1  1  1  1  1  1  1  1  1
17: 1 0 1 0 1 1 1 1 1  1  0  1  1  1  1  1  1  1  1  1
18: 1 1 1 1 1 1 1 1 1  0  1  0  1  0  1  1  1  1  0  1
19: 1 1 1 1 1 1 1 1 1  1  1  1  1  0  1  1  1  1  1  1
20: 1 1 1 1 0 1 1 1 1  1  1  1  1  1  1  1  1  1  1  1
21: 1 0 1 1 1 1 1 1 1  0  1  1  1  1  1  1  1  1  1  1
22: 1 1 1 1 1 1 1 1 1  1  1  1  1  1  1  1  1  1  1  1
23: 1 1 1 1 1 1 1 1 0  1  1  1  1  0  1  1  1  1  1  0
24: 1 1 1 1 1 0 1 1 1  1  1  1  1  1  1  1  1  1  1  1
25: 1 1 1 0 1 1 1 1 1  1  1  1  1  1  1  1  1  1  1  1
26: 1 1 1 1 1 1 1 1 0  1  1  1  1  1  1  1  1  1  1  1
27: 1 1 1 1 1 1 0 1 1  1  1  1  1  1  1  1  1  1  1  1
28: 1 1 1 1 1 1 1 1 1  1  1  1  1  1  1  1  0  1  1  1
29: 1 1 1 1 1 1 1 1 1  1  1  1  1  1  1  1  1  1  1  1
30: 1 1 1 1 1 1 1 1 1  1  1  1  1  1  1  1  1  1  1  1
31: 1 1 1 1 0 1 1 1 1  1  1  1  1  1  0  1  1  1  1  0
32: 1 1 1 1 1 1 1 1 1  1  1  0  1  1  1  1  1  1  1  1
33: 1 1 1 1 1 1 1 1 1  1  1  1  1  1  0  1  1  1  0  1
34: 1 1 1 1 1 1 1 0 1  1  1  1  1  1  1  1  1  1  1  1
35: 1 1 1 1 1 1 1 1 1  0  0  1  1  1  1  1  1  1  1  0
36: 1 1 1 0 1 1 1 1 1  1  1  1  1  1  1  1  1  1  1  1
37: 1 1 1 1 1 1 1 1 1  1  1  0  1  0  0  1  0  0  1  1
38: 1 1 0 0 1 1 1 1 1  1  1  1  1  1  1  1  0  1  1  1
39: 1 1 1 1 0 1 1 1 1  1  1  1  0  1  1  1  1  1  1  1
40: 1 1 1 1 0 1 1 1 1  1  0  1  1  1  1  1  1  1  1  1
41: 1 1 0 1 1 1 1 1 0  1  1  1  1  1  1  1  0  1  0  1
42: 1 1 1 1 1 1 1 1 0  1  1  1  1  1  1  1  1  1  1  1
43: 0 1 1 1 1 1 0 1 1  1  0  1  1  1  1  1  0  0  0  1
44: 1 1 1 1 1 1 1 1 1  1  1  1  1  1  1  1  1  1  1  1
45: 1 1 1 1 1 1 1 1 1  1  1  1  1  1  1  1  1  0  1  1
46: 1 1 0 0 0 1 1 1 0  1  1  1  0  1  1  1  1  1  1  1
47: 0 1 1 1 1 1 1 0 1  1  1  1  1  1  1  1  1  1  1  1
48: 1 1 1 1 1 1 0 1 1  1  1  1  1  1  1  1  1  0  1  1
49: 1 1 1 1 1 1 1 0 1  1  1  1  1  1  1  0  1  1  1  1
50: 0 1 1 1 1 0 1 1 1  1  1  1  1  1  1  1  1  1  1  1


clusters :
    1 2 3 4 5 6 7 8 9 10 11 12 13 14 15 16 17 18 19 20
1:  1 1 1 1 1 1 1 1 1  1  1  1  1  0  1  1  1  1  1  1
2:  1 1 1 1 1 1 0 1 1  1  1  1  0  1  1  1  1  1  1  1
3:  1 1 1 1 1 1 1 1 1  1  1  0  1  1  1  1  1  0  1  1
4:  0 1 1 0 1 0 0 1 1  1  1  1  1  1  1  1  1  1  1  1
5:  1 1 0 1 1 1 1 0 1  1  1  1  1  1  1  1  1  1  1  1
6:  1 1 1 1 1 1 1 1 0  0  0  1  1  1  0  1  1  1  1  1
7:  1 1 1 1 1 1 1 1 1  1  1  1  1  1  1  1  1  1  1  1
8:  1 1 1 1 1 1 1 1 1  1  1  0  1  1  1  0  1  1  1  1
9:  1 1 1 1 1 1 1 1 1  1  1  1  1  1  1  0  1  1  1  1
10: 1 1 1 1 1 0 1 1 1  1  1  1  0  1  1  1  1  1  1  0
11: 1 1 1 1 1 0 1 1 1  1  1  1  1  1  1  1  1  1  1  1
12: 1 1 1 1 1 1 1 1 1  1  1  1  1  1  1  1  1  1  1  1
13: 1 1 1 1 1 1 1 1 1  1  1  1  0  1  1  0  0  0  1  1
14: 0 1 1 1 1 1 1 1 1  1  1  1  1  1  0  1  1  1  1  0
15: 1 0 0 1 1 1 1 1 1  1  1  1  1  1  1  1  1  1  1  1
16: 1 1 1 1 1 1 0 1 1  1  0  1  1  1  1  1  1  1  1  1
17: 1 0 1 0 1 1 1 1 1  1  0  1  1  1  1  1  1  1  1  1
18: 1 1 1 1 1 1 1 1 1  0  1  0  1  0  1  1  1  1  0  1
19: 1 1 1 1 1 1 1 1 1  1  1  1  1  0  1  1  1  1  1  1
20: 1 1 1 1 0 1 1 1 1  1  1  1  1  1  1  1  1  1  1  1
21: 1 0 1 1 1 1 1 1 1  0  1  1  1  1  1  1  1  1  1  1
22: 1 1 1 1 1 1 1 1 1  1  1  1  1  1  1  1  1  1  1  1
23: 1 1 1 1 1 1 1 1 0  1  1  1  1  0  1  1  1  1  1  0
24: 1 1 1 1 1 0 1 1 1  1  1  1  1  1  1  1  1  1  1  1
25: 1 1 1 0 1 1 1 1 1  1  1  1  1  1  1  1  1  1  1  1
26: 1 1 1 1 1 1 1 1 0  1  1  1  1  1  1  1  1  1  1  1
27: 1 1 1 1 1 1 0 1 1  1  1  1  1  1  1  1  1  1  1  1
28: 1 1 1 1 1 1 1 1 1  1  1  1  1  1  1  1  0  1  1  1
29: 1 1 1 1 1 1 1 1 1  1  1  1  1  1  1  1  1  1  1  1
30: 1 1 1 1 1 1 1 1 1  1  1  1  1  1  1  1  1  1  1  1
31: 1 1 1 1 0 1 1 1 1  1  1  1  1  1  0  1  1  1  1  0
32: 1 1 1 1 1 1 1 1 1  1  1  0  1  1  1  1  1  1  1  1
33: 1 1 1 1 1 1 1 1 1  1  1  1  1  1  0  1  1  1  0  1
34: 1 1 1 1 1 1 1 0 1  1  1  1  1  1  1  1  1  1  1  1
35: 1 1 1 1 1 1 1 1 1  0  0  1  1  1  1  1  1  1  1  0
36: 1 1 1 0 1 1 1 1 1  1  1  1  1  1  1  1  1  1  1  1
37: 1 1 1 1 1 1 1 1 1  1  1  0  1  0  0  1  0  0  1  1
38: 1 1 0 0 1 1 1 1 1  1  1  1  1  1  1  1  0  1  1  1
39: 1 1 1 1 0 1 1 1 1  1  1  1  0  1  1  1  1  1  1  1
40: 1 1 1 1 0 1 1 1 1  1  0  1  1  1  1  1  1  1  1  1
41: 1 1 0 1 1 1 1 1 0  1  1  1  1  1  1  1  0  1  0  1
42: 1 1 1 1 1 1 1 1 0  1  1  1  1  1  1  1  1  1  1  1
43: 0 1 1 1 1 1 0 1 1  1  0  1  1  1  1  1  0  0  0  1
44: 1 1 1 1 1 1 1 1 1  1  1  1  1  1  1  1  1  1  1  1
45: 1 1 1 1 1 1 1 1 1  1  1  1  1  1  1  1  1  0  1  1
46: 1 1 0 0 0 1 1 1 0  1  1  1  0  1  1  1  1  1  1  1
47: 0 1 1 1 1 1 1 0 1  1  1  1  1  1  1  1  1  1  1  1
48: 1 1 1 1 1 1 0 1 1  1  1  1  1  1  1  1  1  0  1  1
49: 1 1 1 1 1 1 1 0 1  1  1  1  1  1  1  0  1  1  1  1
50: 0 1 1 1 1 0 1 1 1  1  1  1  1  1  1  1  1  1  1  1

50 20
    1 2 3 4 5 6 7 8 9 10 11 12 13 14 15 16 17 18 19 20
1:  1 1 1 1 1 1 1 1 1  1  1  1  1  0  1  1  1  1  1  1
2:  1 1 1 1 1 1 0 1 1  1  1  1  0  1  1  1  1  1  1  1
3:  1 1 1 1 1 1 1 1 1  1  1  0  1  1  1  1  1  0  1  1
4:  0 1 1 0 1 0 0 1 1  1  1  1  1  1  1  1  1  1  1  1
5:  1 1 0 1 1 1 1 0 1  1  1  1  1  1  1  1  1  1  1  1
6:  1 1 1 1 1 1 1 1 0  0  0  1  1  1  0  1  1  1  1  1
7:  1 1 1 1 1 1 1 1 1  1  1  1  1  1  1  1  1  1  1  1
8:  1 1 1 1 1 1 1 1 1  1  1  0  1  1  1  0  1  1  1  1
9:  1 1 1 1 1 1 1 1 1  1  1  1  1  1  1  0  1  1  1  1
10: 1 1 1 1 1 0 1 1 1  1  1  1  0  1  1  1  1  1  1  0
11: 1 1 1 1 1 0 1 1 1  1  1  1  1  1  1  1  1  1  1  1
12: 1 1 1 1 1 1 1 1 1  1  1  1  1  1  1  1  1  1  1  1
13: 1 1 1 1 1 1 1 1 1  1  1  1  0  1  1  0  0  0  1  1
14: 0 1 1 1 1 1 1 1 1  1  1  1  1  1  0  1  1  1  1  0
15: 1 0 0 1 1 1 1 1 1  1  1  1  1  1  1  1  1  1  1  1
16: 1 1 1 1 1 1 0 1 1  1  0  1  1  1  1  1  1  1  1  1
17: 1 0 1 0 1 1 1 1 1  1  0  1  1  1  1  1  1  1  1  1
18: 1 1 1 1 1 1 1 1 1  0  1  0  1  0  1  1  1  1  0  1
19: 1 1 1 1 1 1 1 1 1  1  1  1  1  0  1  1  1  1  1  1
20: 1 1 1 1 0 1 1 1 1  1  1  1  1  1  1  1  1  1  1  1
21: 1 0 1 1 1 1 1 1 1  0  1  1  1  1  1  1  1  1  1  1
22: 1 1 1 1 1 1 1 1 1  1  1  1  1  1  1  1  1  1  1  1
23: 1 1 1 1 1 1 1 1 0  1  1  1  1  0  1  1  1  1  1  0
24: 1 1 1 1 1 0 1 1 1  1  1  1  1  1  1  1  1  1  1  1
25: 1 1 1 0 1 1 1 1 1  1  1  1  1  1  1  1  1  1  1  1
26: 1 1 1 1 1 1 1 1 0  1  1  1  1  1  1  1  1  1  1  1
27: 1 1 1 1 1 1 0 1 1  1  1  1  1  1  1  1  1  1  1  1
28: 1 1 1 1 1 1 1 1 1  1  1  1  1  1  1  1  0  1  1  1
29: 1 1 1 1 1 1 1 1 1  1  1  1  1  1  1  1  1  1  1  1
30: 1 1 1 1 1 1 1 1 1  1  1  1  1  1  1  1  1  1  1  1
31: 1 1 1 1 0 1 1 1 1  1  1  1  1  1  0  1  1  1  1  0
32: 1 1 1 1 1 1 1 1 1  1  1  0  1  1  1  1  1  1  1  1
33: 1 1 1 1 1 1 1 1 1  1  1  1  1  1  0  1  1  1  0  1
34: 1 1 1 1 1 1 1 0 1  1  1  1  1  1  1  1  1  1  1  1
35: 1 1 1 1 1 1 1 1 1  0  0  1  1  1  1  1  1  1  1  0
36: 1 1 1 0 1 1 1 1 1  1  1  1  1  1  1  1  1  1  1  1
37: 1 1 1 1 1 1 1 1 1  1  1  0  1  0  0  1  0  0  1  1
38: 1 1 0 0 1 1 1 1 1  1  1  1  1  1  1  1  0  1  1  1
39: 1 1 1 1 0 1 1 1 1  1  1  1  0  1  1  1  1  1  1  1
40: 1 1 1 1 0 1 1 1 1  1  0  1  1  1  1  1  1  1  1  1
41: 1 1 0 1 1 1 1 1 0  1  1  1  1  1  1  1  0  1  0  1
42: 1 1 1 1 1 1 1 1 0  1  1  1  1  1  1  1  1  1  1  1
43: 0 1 1 1 1 1 0 1 1  1  0  1  1  1  1  1  0  0  0  1
44: 1 1 1 1 1 1 1 1 1  1  1  1  1  1  1  1  1  1  1  1
45: 1 1 1 1 1 1 1 1 1  1  1  1  1  1  1  1  1  0  1  1
46: 1 1 0 0 0 1 1 1 0  1  1  1  0  1  1  1  1  1  1  1
47: 0 1 1 1 1 1 1 0 1  1  1  1  1  1  1  1  1  1  1  1
48: 1 1 1 1 1 1 0 1 1  1  1  1  1  1  1  1  1  0  1  1
49: 1 1 1 1 1 1 1 0 1  1  1  1  1  1  1  0  1  1  1  1
50: 0 1 1 1 1 0 1 1 1  1  1  1  1  1  1  1  1  1  1  1


clusters :
   1 2 3 4 5 6 8 9 10 11 12 14 15 16 17 18 19 20
2: 1 1 1 1 1 1 1 1  1  1  1  1  1  1  1  1  1  1

   1 2 3 4 5 6 7 8 9 10 11 13 14 15 16 17 19 20
3: 1 1 1 1 1 1 1 1 1  1  1  1  1  1  1  1  1  1

   2 3 5 8 9 10 11 12 13 14 15 16 17 18 19 20
4: 1 1 1 1 1  1  1  1  1  1  1  1  1  1  1  1

   1 2 4 5 6 7 9 10 11 12 13 14 15 16 17 18 19 20
5: 1 1 1 1 1 1 1  1  1  1  1  1  1  1  1  1  1  1

   1 2 3 4 5 6 7 8 12 13 14 16 17 18 19 20
6: 1 1 1 1 1 1 1 1  1  1  1  1  1  1  1  1

   1 2 3 4 5 6 7 8 9 10 11 13 14 15 17 18 19 20
8: 1 1 1 1 1 1 1 1 1  1  1  1  1  1  1  1  1  1

   1 2 3 4 5 6 7 8 9 10 11 12 13 14 15 17 18 19 20
9: 1 1 1 1 1 1 1 1 1  1  1  1  1  1  1  1  1  1  1

   1 2 3 4 5 7 8 9 10 11 12 14 15 16 17 18 19
10: 1 1 1 1 1 1 1 1  1  1  1  1  1  1  1  1  1

    1 2 3 4 5 6 7 8 9 10 11 12 14 15 19 20
13: 1 1 1 1 1 1 1 1 1  1  1  1  1  1  1  1

    2 3 4 5 6 7 8 9 10 11 12 13 14 16 17 18 19
14: 1 1 1 1 1 1 1 1  1  1  1  1  1  1  1  1  1

    1 4 5 6 7 8 9 10 11 12 13 14 15 16 17 18 19 20
15: 1 1 1 1 1 1 1  1  1  1  1  1  1  1  1  1  1  1

    1 2 3 4 5 6 8 9 10 12 13 14 15 16 17 18 19 20
16: 1 1 1 1 1 1 1 1  1  1  1  1  1  1  1  1  1  1

    1 3 5 6 7 8 9 10 12 13 14 15 16 17 18 19 20
17: 1 1 1 1 1 1 1  1  1  1  1  1  1  1  1  1  1

    1 2 3 4 5 6 7 8 9 11 13 15 16 17 18 20
18: 1 1 1 1 1 1 1 1 1  1  1  1  1  1  1  1

    1 2 3 4 6 7 8 9 10 11 12 13 14 15 16 17 18 19 20
20: 1 1 1 1 1 1 1 1  1  1  1  1  1  1  1  1  1  1  1

    1 3 4 5 6 7 8 9 11 12 13 14 15 16 17 18 19 20
21: 1 1 1 1 1 1 1 1  1  1  1  1  1  1  1  1  1  1

    1 2 3 4 5 6 7 8 10 11 12 13 15 16 17 18 19
23: 1 1 1 1 1 1 1 1  1  1  1  1  1  1  1  1  1

    1 2 3 4 5 6 8 9 10 11 12 13 14 15 16 17 18 19 20
27: 1 1 1 1 1 1 1 1  1  1  1  1  1  1  1  1  1  1  1

    1 2 3 4 5 6 7 8 9 10 11 12 13 14 15 16 18 19 20
28: 1 1 1 1 1 1 1 1 1  1  1  1  1  1  1  1  1  1  1

    1 2 3 4 6 7 8 9 10 11 12 13 14 16 17 18 19
31: 1 1 1 1 1 1 1 1  1  1  1  1  1  1  1  1  1

    1 2 3 4 5 6 7 8 9 10 11 13 14 15 16 17 18 19 20
32: 1 1 1 1 1 1 1 1 1  1  1  1  1  1  1  1  1  1  1

    1 2 3 4 5 6 7 8 9 10 11 12 13 14 16 17 18 20
33: 1 1 1 1 1 1 1 1 1  1  1  1  1  1  1  1  1  1

    1 2 3 4 5 6 7 9 10 11 12 13 14 15 16 17 18 19 20
34: 1 1 1 1 1 1 1 1  1  1  1  1  1  1  1  1  1  1  1

    1 2 3 4 5 6 7 8 9 12 13 14 15 16 17 18 19
35: 1 1 1 1 1 1 1 1 1  1  1  1  1  1  1  1  1

    1 2 3 4 5 6 7 8 9 10 11 13 16 19 20
37: 1 1 1 1 1 1 1 1 1  1  1  1  1  1  1

    1 2 5 6 7 8 9 10 11 12 13 14 15 16 18 19 20
38: 1 1 1 1 1 1 1  1  1  1  1  1  1  1  1  1  1

    1 2 3 4 6 7 8 9 10 11 12 14 15 16 17 18 19 20
39: 1 1 1 1 1 1 1 1  1  1  1  1  1  1  1  1  1  1

    1 2 3 4 6 7 8 9 10 12 13 14 15 16 17 18 19 20
40: 1 1 1 1 1 1 1 1  1  1  1  1  1  1  1  1  1  1

    1 2 4 5 6 7 8 10 11 12 13 14 15 16 18 20
41: 1 1 1 1 1 1 1  1  1  1  1  1  1  1  1  1

    2 3 4 5 6 8 9 10 12 13 14 15 16 20
43: 1 1 1 1 1 1 1  1  1  1  1  1  1  1

    1 2 3 4 5 6 7 8 9 10 11 12 13 14 15 16 17 19 20
45: 1 1 1 1 1 1 1 1 1  1  1  1  1  1  1  1  1  1  1

    1 2 6 7 8 10 11 12 14 15 16 17 18 19 20
46: 1 1 1 1 1  1  1  1  1  1  1  1  1  1  1

    2 3 4 5 6 7 9 10 11 12 13 14 15 16 17 18 19 20
47: 1 1 1 1 1 1 1  1  1  1  1  1  1  1  1  1  1  1

    1 2 3 4 5 6 8 9 10 11 12 13 14 15 16 17 19 20
48: 1 1 1 1 1 1 1 1  1  1  1  1  1  1  1  1  1  1

    1 2 3 4 5 6 7 9 10 11 12 13 14 15 17 18 19 20
49: 1 1 1 1 1 1 1 1  1  1  1  1  1  1  1  1  1  1

    2 3 4 5 7 8 9 10 11 12 13 14 15 16 17 18 19 20
50: 1 1 1 1 1 1 1  1  1  1  1  1  1  1  1  1  1  1

    1 2 3 4 5 6 7 8 10 11 12 13 14 15 16 17 18 19 20
26: 1 1 1 1 1 1 1 1  1  1  1  1  1  1  1  1  1  1  1
42: 1 1 1 1 1 1 1 1  1  1  1  1  1  1  1  1  1  1  1

    1 2 3 5 6 7 8 9 10 11 12 13 14 15 16 17 18 19 20
25: 1 1 1 1 1 1 1 1  1  1  1  1  1  1  1  1  1  1  1
36: 1 1 1 1 1 1 1 1  1  1  1  1  1  1  1  1  1  1  1

    1 2 3 4 5 7 8 9 10 11 12 13 14 15 16 17 18 19 20
11: 1 1 1 1 1 1 1 1  1  1  1  1  1  1  1  1  1  1  1
24: 1 1 1 1 1 1 1 1  1  1  1  1  1  1  1  1  1  1  1

    1 2 3 4 5 6 7 8 9 10 11 12 13 14 15 16 17 18 19 20
7:  1 1 1 1 1 1 1 1 1  1  1  1  1  1  1  1  1  1  1  1
12: 1 1 1 1 1 1 1 1 1  1  1  1  1  1  1  1  1  1  1  1
22: 1 1 1 1 1 1 1 1 1  1  1  1  1  1  1  1  1  1  1  1
29: 1 1 1 1 1 1 1 1 1  1  1  1  1  1  1  1  1  1  1  1
30: 1 1 1 1 1 1 1 1 1  1  1  1  1  1  1  1  1  1  1  1
44: 1 1 1 1 1 1 1 1 1  1  1  1  1  1  1  1  1  1  1  1

    1 2 3 4 5 6 7 8 9 10 11 12 13 15 16 17 18 19 20
1:  1 1 1 1 1 1 1 1 1  1  1  1  1  1  1  1  1  1  1
19: 1 1 1 1 1 1 1 1 1  1  1  1  1  1  1  1  1  1  1

