15 20
    1 2 3 4 5 6 7 8 9 10 11 12 13 14 15 16 17 18 19 20
1:  1 1 1 0 1 1 1 1 1  0  0  1  1  1  1  0  1  1  1  1
2:  1 1 1 1 0 1 1 1 0  1  1  1  1  1  1  1  1  1  1  1
3:  1 1 0 1 1 1 0 1 1  1  0  1  1  1  1  1  1  1  1  0
4:  1 1 1 1 1 1 1 1 1  1  1  1  1  1  0  1  1  1  1  1
5:  1 1 1 1 1 1 1 1 0  1  1  1  0  1  1  1  1  1  1  1
6:  1 1 1 1 1 0 1 1 1  1  1  1  1  1  1  1  1  1  1  1
7:  1 1 0 1 1 1 1 0 1  1  1  0  1  1  1  1  0  1  0  1
8:  1 1 1 1 1 1 1 1 1  1  1  1  1  0  1  1  1  1  1  1
9:  1 1 1 1 1 1 1 1 1  1  1  1  1  0  1  1  1  1  1  1
10: 0 1 1 1 0 1 1 1 1  1  1  1  1  1  1  0  1  1  1  1
11: 1 1 1 1 0 1 1 1 1  1  1  1  1  1  1  1  1  1  0  1
12: 1 1 1 1 1 1 1 1 1  1  1  1  0  1  1  1  1  1  1  1
13: 1 1 1 1 1 0 1 1 1  1  1  1  1  1  1  1  1  0  1  1
14: 1 1 1 1 1 1 1 1 1  1  1  0  1  1  1  1  1  1  1  1
15: 1 1 1 1 1 1 1 1 1  1  1  1  1  1  1  1  1  1  1  1


clusters :
    1 2 3 4 5 6 7 8 9 10 11 12 13 14 15 16 17 18 19 20
1:  1 1 1 0 1 1 1 1 1  0  0  1  1  1  1  0  1  1  1  1
2:  1 1 1 1 0 1 1 1 0  1  1  1  1  1  1  1  1  1  1  1
3:  1 1 0 1 1 1 0 1 1  1  0  1  1  1  1  1  1  1  1  0
4:  1 1 1 1 1 1 1 1 1  1  1  1  1  1  0  1  1  1  1  1
5:  1 1 1 1 1 1 1 1 0  1  1  1  0  1  1  1  1  1  1  1
6:  1 1 1 1 1 0 1 1 1  1  1  1  1  1  1  1  1  1  1  1
7:  1 1 0 1 1 1 1 0 1  1  1  0  1  1  1  1  0  1  0  1
8:  1 1 1 1 1 1 1 1 1  1  1  1  1  0  1  1  1  1  1  1
9:  1 1 1 1 1 1 1 1 1  1  1  1  1  0  1  1  1  1  1  1
10: 0 1 1 1 0 1 1 1 1  1  1  1  1  1  1  0  1  1  1  1
11: 1 1 1 1 0 1 1 1 1  1  1  1  1  1  1  1  1  1  0  1
12: 1 1 1 1 1 1 1 1 1  1  1  1  0  1  1  1  1  1  1  1
13: 1 1 1 1 1 0 1 1 1  1  1  1  1  1  1  1  1  0  1  1
14: 1 1 1 1 1 1 1 1 1  1  1  0  1  1  1  1  1  1  1  1
15: 1 1 1 1 1 1 1 1 1  1  1  1  1  1  1  1  1  1  1  1

15 20
    1 2 3 4 5 6 7 8 9 10 11 12 13 14 15 16 17 18 19 20
1:  1 1 1 0 1 1 1 1 1  0  0  1  1  1  1  0  1  1  1  1
2:  1 1 1 1 0 1 1 1 0  1  1  1  1  1  1  1  1  1  1  1
3:  1 1 0 1 1 1 0 1 1  1  0  1  1  1  1  1  1  1  1  0
4:  1 1 1 1 1 1 1 1 1  1  1  1  1  1  0  1  1  1  1  1
5:  1 1 1 1 1 1 1 1 0  1  1  1  0  1  1  1  1  1  1  1
6:  1 1 1 1 1 0 1 1 1  1  1  1  1  1  1  1  1  1  1  1
7:  1 1 0 1 1 1 1 0 1  1  1  0  1  1  1  1  0  1  0  1
8:  1 1 1 1 1 1 1 1 1  1  1  1  1  0  1  1  1  1  1  1
9:  1 1 1 1 1 1 1 1 1  1  1  1  1  0  1  1  1  1  1  1
10: 0 1 1 1 0 1 1 1 1  1  1  1  1  1  1  0  1  1  1  1
11: 1 1 1 1 0 1 1 1 1  1  1  1  1  1  1  1  1  1  0  1
12: 1 1 1 1 1 1 1 1 1  1  1  1  0  1  1  1  1  1  1  1
13: 1 1 1 1 1 0 1 1 1  1  1  1  1  1  1  1  1  0  1  1
14: 1 1 1 1 1 1 1 1 1  1  1  0  1  1  1  1  1  1  1  1
15: 1 1 1 1 1 1 1 1 1  1  1  1  1  1  1  1  1  1  1  1


clusters :
   1 2 3 5 6 7 8 9 12 13 14 15 17 18 19 20
1: 1 1 1 1 1 1 1 1  1  1  1  1  1  1  1  1

   1 2 3 4 6 7 8 10 11 12 13 14 15 16 17 18 19 20
2: 1 1 1 1 1 1 1  1  1  1  1  1  1  1  1  1  1  1

   1 2 4 5 6 8 9 10 12 13 14 15 16 17 18 19
3: 1 1 1 1 1 1 1  1  1  1  1  1  1  1  1  1

   1 2 3 4 5 6 7 8 9 10 11 12 13 14 16 17 18 19 20
4: 1 1 1 1 1 1 1 1 1  1  1  1  1  1  1  1  1  1  1

   1 2 3 4 5 6 7 8 10 11 12 14 15 16 17 18 19 20
5: 1 1 1 1 1 1 1 1  1  1  1  1  1  1  1  1  1  1

   1 2 3 4 5 7 8 9 10 11 12 13 14 15 16 17 18 19 20
6: 1 1 1 1 1 1 1 1  1  1  1  1  1  1  1  1  1  1  1

   1 2 4 5 6 7 9 10 11 13 14 15 16 18 20
7: 1 1 1 1 1 1 1  1  1  1  1  1  1  1  1

   2 3 4 6 7 8 9 10 11 12 13 14 15 17 18 19 20
10: 1 1 1 1 1 1 1  1  1  1  1  1  1  1  1  1  1

    1 2 3 4 6 7 8 9 10 11 12 13 14 15 16 17 18 20
11: 1 1 1 1 1 1 1 1  1  1  1  1  1  1  1  1  1  1

    1 2 3 4 5 6 7 8 9 10 11 12 14 15 16 17 18 19 20
12: 1 1 1 1 1 1 1 1 1  1  1  1  1  1  1  1  1  1  1

    1 2 3 4 5 7 8 9 10 11 12 13 14 15 16 17 19 20
13: 1 1 1 1 1 1 1 1  1  1  1  1  1  1  1  1  1  1

    1 2 3 4 5 6 7 8 9 10 11 13 14 15 16 17 18 19 20
14: 1 1 1 1 1 1 1 1 1  1  1  1  1  1  1  1  1  1  1

    1 2 3 4 5 6 7 8 9 10 11 12 13 14 15 16 17 18 19 20
15: 1 1 1 1 1 1 1 1 1  1  1  1  1  1  1  1  1  1  1  1

   1 2 3 4 5 6 7 8 9 10 11 12 13 15 16 17 18 19 20
8: 1 1 1 1 1 1 1 1 1  1  1  1  1  1  1  1  1  1  1
9: 1 1 1 1 1 1 1 1 1  1  1  1  1  1  1  1  1  1  1

