105 20
     1 2 3 4 5 6 7 8 9 10 11 12 13 14 15 16 17 18 19 20
1:   0 0 0 0 0 0 0 1 1  0  0  0  0  0  0  0  0  0  0  1
2:   0 0 0 1 1 0 1 1 1  1  1  1  1  1  0  1  0  0  0  0
3:   0 0 1 0 1 1 0 0 0  0  0  0  0  0  1  0  0  0  1  0
4:   1 1 0 0 0 0 0 0 1  1  1  0  1  1  1  1  1  0  1  0
5:   1 1 1 0 0 0 0 0 1  0  0  1  1  0  1  1  0  1  0  0
6:   0 1 0 0 1 0 1 1 1  1  0  0  1  1  0  0  1  1  0  1
7:   0 1 0 0 0 1 1 1 0  1  0  1  1  0  1  0  1  1  0  0
8:   0 0 0 1 1 0 0 0 0  1  0  0  1  0  0  1  0  0  0  0
9:   1 1 1 1 1 0 1 1 1  0  1  0  0  1  0  0  0  1  0  0
10:  1 0 1 1 0 1 0 1 0  1  1  1  0  0  1  0  1  0  1  0
11:  1 0 1 1 0 0 0 0 1  0  0  0  1  1  1  0  1  1  0  0
12:  1 0 0 0 0 1 1 0 0  0  0  0  1  0  0  1  0  1  0  0
13:  0 0 0 1 1 0 0 1 0  1  1  0  0  1  1  0  0  0  1  0
14:  1 0 0 0 0 0 0 0 0  0  0  0  1  0  0  0  0  1  1  0
15:  1 0 1 0 0 0 0 0 0  0  1  0  1  0  0  1  0  0  1  1
16:  1 0 0 0 1 0 0 0 0  0  0  0  1  0  0  1  1  1  0  0
17:  1 1 0 1 0 0 0 0 0  1  0  0  0  0  0  0  0  0  0  1
18:  1 0 1 0 1 1 1 1 0  1  0  1  1  1  0  0  1  0  1  0
19:  0 1 0 0 1 1 0 0 0  1  0  0  0  0  0  1  1  1  1  0
20:  1 0 0 0 1 0 0 1 0  1  0  1  0  0  1  1  0  0  0  0
21:  1 0 0 0 1 0 1 1 1  0  0  1  0  0  0  1  1  0  1  0
22:  0 0 0 0 0 1 0 0 0  0  1  0  1  1  0  1  0  1  0  0
23:  0 0 0 0 1 0 0 1 0  1  1  1  0  1  0  0  1  0  0  0
24:  0 0 1 1 0 1 0 0 0  0  0  0  0  0  0  1  0  1  0  1
25:  0 0 1 0 1 1 1 1 0  0  1  1  1  0  0  0  1  0  0  1
26:  0 1 0 0 1 1 0 0 1  0  0  1  0  1  1  1  0  0  1  0
27:  0 0 0 0 0 0 0 1 0  1  1  0  0  1  0  1  0  1  1  0
28:  0 0 0 1 0 0 1 0 1  0  0  1  0  0  0  1  1  1  0  1
29:  1 1 1 0 1 0 0 0 1  1  1  1  0  1  1  1  0  0  1  0
30:  1 1 0 1 0 0 0 0 1  0  0  0  1  1  0  0  1  1  0  0
31:  0 0 0 0 0 0 1 1 1  1  0  1  0  0  0  1  0  1  0  1
32:  0 0 0 1 0 0 0 0 0  1  1  0  0  0  0  0  0  1  0  1
33:  1 1 0 1 1 1 1 0 0  1  0  0  1  0  0  0  1  0  1  0
34:  1 0 0 0 0 0 0 0 1  1  0  0  0  0  0  1  0  1  0  1
35:  0 0 0 0 1 0 0 1 0  1  1  1  0  1  1  0  1  0  1  1
36:  0 1 1 1 1 0 0 1 0  0  0  0  0  0  1  1  0  0  0  0
37:  0 0 0 1 1 0 0 0 1  0  0  0  1  0  1  0  1  0  1  0
38:  0 0 1 0 0 1 1 1 1  1  1  1  1  0  1  0  0  0  1  0
39:  0 1 1 0 1 0 0 0 0  1  0  0  0  0  1  0  0  1  0  0
40:  0 0 0 1 0 0 1 1 1  1  0  0  0  0  0  0  1  1  0  1
41:  0 0 0 0 1 0 1 1 1  0  1  0  0  0  0  0  1  0  1  0
42:  0 0 1 1 1 0 0 0 0  1  1  1  0  0  0  1  0  0  1  0
43:  0 0 1 1 0 0 1 1 0  1  0  0  1  0  0  0  1  0  0  0
44:  0 0 1 1 0 1 0 0 1  0  0  1  1  0  0  1  0  1  0  0
45:  1 0 0 0 0 0 0 1 0  0  0  1  0  0  1  0  0  0  0  1
46:  0 1 0 0 1 1 0 0 0  0  1  0  0  0  1  0  0  1  0  0
47:  1 0 0 1 1 0 0 1 1  0  0  1  0  0  1  0  1  1  1  0
48:  0 1 0 1 0 0 1 1 1  0  1  0  1  1  0  0  1  1  0  0
49:  0 0 0 0 0 0 1 1 1  1  1  1  1  1  0  1  1  0  0  0
50:  0 0 0 0 1 1 1 0 0  0  1  1  1  0  1  0  0  1  0  1
51:  1 0 0 0 0 0 0 1 1  1  0  0  0  0  1  0  0  1  0  0
52:  0 1 0 0 1 0 0 1 0  0  0  1  0  1  0  1  1  0  1  1
53:  0 0 0 0 0 0 0 0 0  1  0  0  1  1  0  1  1  0  0  0
54:  1 0 0 0 0 1 0 1 1  0  1  0  1  1  0  0  1  0  1  0
55:  0 1 0 1 1 0 1 1 0  1  1  0  0  0  0  1  0  0  1  0
56:  0 1 1 0 0 0 0 0 0  0  0  0  0  0  0  0  1  1  1  1
57:  0 1 1 1 1 1 1 1 0  0  0  1  0  1  1  1  0  0  1  1
58:  0 1 0 1 0 1 1 0 0  0  1  1  0  0  0  0  0  1  1  0
59:  1 0 1 0 0 0 1 0 0  1  0  1  0  0  1  1  0  1  0  0
60:  1 0 0 0 0 1 0 1 1  0  1  1  1  0  0  0  0  0  0  0
61:  0 1 0 1 1 1 0 0 1  0  0  1  0  1  1  0  1  1  1  0
62:  0 0 0 0 0 1 0 1 0  1  0  1  0  1  0  0  1  1  0  1
63:  1 0 0 0 0 0 0 0 0  0  1  0  1  1  0  1  0  1  0  1
64:  0 1 0 1 0 0 0 0 1  0  0  0  0  0  1  1  1  0  0  1
65:  1 0 1 1 0 0 1 0 0  0  0  0  1  0  0  1  1  0  1  1
66:  1 1 1 0 0 1 0 0 0  0  1  1  0  0  0  1  1  0  0  0
67:  1 1 0 0 0 0 1 0 0  0  1  0  0  1  1  1  0  0  1  1
68:  1 0 0 0 0 1 1 1 0  1  1  0  0  0  0  0  1  1  0  0
69:  1 0 1 1 0 1 0 1 1  1  1  0  1  0  1  1  0  0  1  1
70:  1 1 0 1 0 0 0 0 0  1  0  1  1  1  0  0  1  1  0  0
71:  1 0 0 1 0 0 0 0 1  0  1  0  0  0  1  0  0  0  1  0
72:  0 0 0 0 0 0 1 0 0  0  0  0  0  0  1  1  1  1  0  1
73:  0 1 0 1 0 1 0 1 0  0  0  0  0  0  0  1  1  0  1  0
74:  1 0 0 0 0 1 0 1 1  1  0  1  0  0  0  0  1  1  0  0
75:  0 1 0 0 1 1 0 0 1  1  0  1  0  1  0  1  0  0  1  0
76:  0 1 0 1 0 0 0 0 0  1  1  1  0  1  1  1  1  0  1  0
77:  0 0 1 0 1 1 1 1 0  1  1  1  1  0  1  0  1  1  1  0
78:  1 0 1 0 0 0 0 0 1  0  1  1  1  0  0  0  1  0  1  0
79:  0 1 0 0 0 0 1 0 0  1  0  1  0  0  0  1  1  0  1  0
80:  1 0 1 0 0 0 1 1 1  0  1  0  0  0  0  1  0  0  0  1
81:  0 1 0 0 0 1 0 1 0  1  0  1  1  1  0  0  0  1  0  0
82:  0 0 1 0 1 0 0 0 1  1  0  1  1  1  1  0  0  0  0  0
83:  0 0 0 1 0 0 0 0 0  1  0  1  0  1  1  1  0  1  0  0
84:  1 1 0 0 0 1 1 1 0  0  1  0  0  1  0  0  0  1  1  1
85:  0 0 0 1 0 0 0 1 0  1  1  1  0  0  0  0  0  1  1  0
86:  0 1 0 0 1 0 0 0 0  0  1  1  0  1  0  1  0  0  0  1
87:  0 0 0 0 0 1 1 1 0  1  0  1  0  0  0  0  0  1  1  0
88:  0 0 0 0 0 1 1 0 0  0  1  0  1  0  1  0  0  0  1  0
89:  1 1 1 0 0 1 0 0 0  0  1  0  0  0  0  1  1  1  0  0
90:  0 0 0 0 0 1 0 0 0  0  0  0  0  0  0  0  0  0  1  0
91:  0 0 1 0 1 1 1 0 0  1  1  0  0  0  0  1  0  0  0  0
92:  0 0 0 0 0 0 1 1 1  0  0  0  0  1  0  1  0  0  1  1
93:  1 0 1 0 1 1 1 1 1  0  0  0  1  1  1  1  0  0  0  0
94:  1 0 1 0 0 1 0 0 0  1  1  0  1  0  0  0  1  1  0  1
95:  0 0 1 0 0 0 0 0 0  1  0  1  0  0  0  0  0  1  0  0
96:  1 0 1 1 0 0 0 0 1  1  0  1  1  0  0  0  1  1  1  1
97:  1 0 0 0 0 0 1 0 1  1  1  1  1  1  0  0  1  0  0  1
98:  1 1 1 0 1 1 1 0 0  0  0  0  0  0  1  0  1  1  0  0
99:  0 0 0 0 0 1 1 1 0  0  0  0  1  0  1  1  1  0  0  1
100: 0 0 0 1 0 1 1 0 1  1  0  1  0  0  0  0  1  0  0  0
101: 1 1 0 0 0 0 1 1 0  1  0  0  1  0  0  0  0  1  1  0
102: 0 0 0 0 1 0 0 1 0  0  0  0  1  1  1  1  0  1  0  0
103: 0 0 0 0 0 0 0 1 1  0  0  1  1  1  1  1  1  0  0  1
104: 0 0 0 0 0 1 0 0 0  0  0  0  0  0  1  0  0  1  1  1
105: 1 0 0 0 0 0 0 0 0  1  0  1  1  1  1  1  0  0  0  1


clusters :
   8 9 20
1: 1 1  1

   4 5 7 8 9 10 11 12 13 14 16
2: 1 1 1 1 1  1  1  1  1  1  1

   3 5 6 15 19
3: 1 1 1  1  1

   1 2 9 10 11 13 14 15 16 17 19
4: 1 1 1  1  1  1  1  1  1  1  1

   1 2 3 9 12 13 15 16 18
5: 1 1 1 1  1  1  1  1  1

   2 5 7 8 9 10 13 14 17 18 20
6: 1 1 1 1 1  1  1  1  1  1  1

   2 6 7 8 10 12 13 15 17 18
7: 1 1 1 1  1  1  1  1  1  1

   4 5 10 13 16
8: 1 1  1  1  1

   1 2 3 4 5 7 8 9 11 14 18
9: 1 1 1 1 1 1 1 1  1  1  1

   1 3 4 6 8 10 11 12 15 17 19
10: 1 1 1 1 1  1  1  1  1  1  1

    1 3 4 9 13 14 15 17 18
11: 1 1 1 1  1  1  1  1  1

    1 6 7 13 16 18
12: 1 1 1  1  1  1

    4 5 8 10 11 14 15 19
13: 1 1 1  1  1  1  1  1

    1 13 18 19
14: 1  1  1  1

    1 3 11 13 16 19 20
15: 1 1  1  1  1  1  1

    1 5 13 16 17 18
16: 1 1  1  1  1  1

    1 2 4 10 20
17: 1 1 1  1  1

    1 3 5 6 7 8 10 12 13 14 17 19
18: 1 1 1 1 1 1  1  1  1  1  1  1

    2 5 6 10 16 17 18 19
19: 1 1 1  1  1  1  1  1

    1 5 8 10 12 15 16
20: 1 1 1  1  1  1  1

    1 5 7 8 9 12 16 17 19
21: 1 1 1 1 1  1  1  1  1

    6 11 13 14 16 18
22: 1  1  1  1  1  1

    5 8 10 11 12 14 17
23: 1 1  1  1  1  1  1

    3 4 6 16 18 20
24: 1 1 1  1  1  1

    3 5 6 7 8 11 12 13 17 20
25: 1 1 1 1 1  1  1  1  1  1

    2 5 6 9 12 14 15 16 19
26: 1 1 1 1  1  1  1  1  1

    8 10 11 14 16 18 19
27: 1  1  1  1  1  1  1

    4 7 9 12 16 17 18 20
28: 1 1 1  1  1  1  1  1

    1 2 3 5 9 10 11 12 14 15 16 19
29: 1 1 1 1 1  1  1  1  1  1  1  1

    1 2 4 9 13 14 17 18
30: 1 1 1 1  1  1  1  1

    7 8 9 10 12 16 18 20
31: 1 1 1  1  1  1  1  1

    4 10 11 18 20
32: 1  1  1  1  1

    1 2 4 5 6 7 10 13 17 19
33: 1 1 1 1 1 1  1  1  1  1

    1 9 10 16 18 20
34: 1 1  1  1  1  1

    5 8 10 11 12 14 15 17 19 20
35: 1 1  1  1  1  1  1  1  1  1

    2 3 4 5 8 15 16
36: 1 1 1 1 1  1  1

    4 5 9 13 15 17 19
37: 1 1 1  1  1  1  1

    3 6 7 8 9 10 11 12 13 15 19
38: 1 1 1 1 1  1  1  1  1  1  1

    2 3 5 10 15 18
39: 1 1 1  1  1  1

    4 7 8 9 10 17 18 20
40: 1 1 1 1  1  1  1  1

    5 7 8 9 11 17 19
41: 1 1 1 1  1  1  1

    3 4 5 10 11 12 16 19
42: 1 1 1  1  1  1  1  1

    3 4 7 8 10 13 17
43: 1 1 1 1  1  1  1

    3 4 6 9 12 13 16 18
44: 1 1 1 1  1  1  1  1

    1 8 12 15 20
45: 1 1  1  1  1

    2 5 6 11 15 18
46: 1 1 1  1  1  1

    1 4 5 8 9 12 15 17 18 19
47: 1 1 1 1 1  1  1  1  1  1

    2 4 7 8 9 11 13 14 17 18
48: 1 1 1 1 1  1  1  1  1  1

    7 8 9 10 11 12 13 14 16 17
49: 1 1 1  1  1  1  1  1  1  1

    5 6 7 11 12 13 15 18 20
50: 1 1 1  1  1  1  1  1  1

    1 8 9 10 15 18
51: 1 1 1  1  1  1

    2 5 8 12 14 16 17 19 20
52: 1 1 1  1  1  1  1  1  1

    10 13 14 16 17
53:  1  1  1  1  1

    1 6 8 9 11 13 14 17 19
54: 1 1 1 1  1  1  1  1  1

    2 4 5 7 8 10 11 16 19
55: 1 1 1 1 1  1  1  1  1

    2 3 17 18 19 20
56: 1 1  1  1  1  1

    2 3 4 5 6 7 8 12 14 15 16 19 20
57: 1 1 1 1 1 1 1  1  1  1  1  1  1

    2 4 6 7 11 12 18 19
58: 1 1 1 1  1  1  1  1

    1 3 7 10 12 15 16 18
59: 1 1 1  1  1  1  1  1

    1 6 8 9 11 12 13
60: 1 1 1 1  1  1  1

    2 4 5 6 9 12 14 15 17 18 19
61: 1 1 1 1 1  1  1  1  1  1  1

    6 8 10 12 14 17 18 20
62: 1 1  1  1  1  1  1  1

    1 11 13 14 16 18 20
63: 1  1  1  1  1  1  1

    2 4 9 15 16 17 20
64: 1 1 1  1  1  1  1

    1 3 4 7 13 16 17 19 20
65: 1 1 1 1  1  1  1  1  1

    1 2 3 6 11 12 16 17
66: 1 1 1 1  1  1  1  1

    1 2 7 11 14 15 16 19 20
67: 1 1 1  1  1  1  1  1  1

    1 6 7 8 10 11 17 18
68: 1 1 1 1  1  1  1  1

    1 3 4 6 8 9 10 11 13 15 16 19 20
69: 1 1 1 1 1 1  1  1  1  1  1  1  1

    1 2 4 10 12 13 14 17 18
70: 1 1 1  1  1  1  1  1  1

    1 4 9 11 15 19
71: 1 1 1  1  1  1

    7 15 16 17 18 20
72: 1  1  1  1  1  1

    2 4 6 8 16 17 19
73: 1 1 1 1  1  1  1

    1 6 8 9 10 12 17 18
74: 1 1 1 1  1  1  1  1

    2 5 6 9 10 12 14 16 19
75: 1 1 1 1  1  1  1  1  1

    2 4 10 11 12 14 15 16 17 19
76: 1 1  1  1  1  1  1  1  1  1

    3 5 6 7 8 10 11 12 13 15 17 18 19
77: 1 1 1 1 1  1  1  1  1  1  1  1  1

    1 3 9 11 12 13 17 19
78: 1 1 1  1  1  1  1  1

    2 7 10 12 16 17 19
79: 1 1  1  1  1  1  1

    1 3 7 8 9 11 16 20
80: 1 1 1 1 1  1  1  1

    2 6 8 10 12 13 14 18
81: 1 1 1  1  1  1  1  1

    3 5 9 10 12 13 14 15
82: 1 1 1  1  1  1  1  1

    4 10 12 14 15 16 18
83: 1  1  1  1  1  1  1

    1 2 6 7 8 11 14 18 19 20
84: 1 1 1 1 1  1  1  1  1  1

    4 8 10 11 12 18 19
85: 1 1  1  1  1  1  1

    2 5 11 12 14 16 20
86: 1 1  1  1  1  1  1

    6 7 8 10 12 18 19
87: 1 1 1  1  1  1  1

    6 7 11 13 15 19
88: 1 1  1  1  1  1

    1 2 3 6 11 16 17 18
89: 1 1 1 1  1  1  1  1

    6 19
90: 1  1

    3 5 6 7 10 11 16
91: 1 1 1 1  1  1  1

    7 8 9 14 16 19 20
92: 1 1 1  1  1  1  1

    1 3 5 6 7 8 9 13 14 15 16
93: 1 1 1 1 1 1 1  1  1  1  1

    1 3 6 10 11 13 17 18 20
94: 1 1 1  1  1  1  1  1  1

    3 10 12 18
95: 1  1  1  1

    1 3 4 9 10 12 13 17 18 19 20
96: 1 1 1 1  1  1  1  1  1  1  1

    1 7 9 10 11 12 13 14 17 20
97: 1 1 1  1  1  1  1  1  1  1

    1 2 3 5 6 7 15 17 18
98: 1 1 1 1 1 1  1  1  1

    6 7 8 13 15 16 17 20
99: 1 1 1  1  1  1  1  1

    4 6 7 9 10 12 17
100: 1 1 1 1  1  1  1

     1 2 7 8 10 13 18 19
101: 1 1 1 1  1  1  1  1

     5 8 13 14 15 16 18
102: 1 1  1  1  1  1  1

     8 9 12 13 14 15 16 17 20
103: 1 1  1  1  1  1  1  1  1

     6 15 18 19 20
104: 1  1  1  1  1

     1 10 12 13 14 15 16 20
105: 1  1  1  1  1  1  1  1

