95 20
1 0 1 0 1 1 1 1 0 1 1 0 1 1 1 1 1 1 1 1 
0 1 1 0 0 1 1 1 1 1 0 1 0 0 1 1 1 0 1 0 
0 1 1 1 0 0 1 1 1 1 1 0 1 1 1 1 1 0 1 0 
1 0 1 0 1 1 1 1 1 1 0 0 1 1 1 1 1 1 1 0 
1 1 1 1 1 1 1 1 0 1 0 1 1 0 1 0 1 1 0 1 
0 0 1 1 1 1 1 0 0 1 1 1 0 1 1 1 1 0 0 1 
1 1 1 1 1 1 1 1 1 1 1 1 1 0 1 1 0 0 0 1 
1 1 1 0 1 0 1 1 1 0 1 0 0 1 1 1 0 1 1 1 
1 1 1 1 1 1 1 1 1 1 1 1 1 1 1 0 0 1 0 0 
0 1 1 0 1 0 0 1 0 0 1 1 0 1 1 1 0 1 1 0 
1 1 1 1 0 1 1 1 1 1 0 1 0 1 0 1 1 1 0 0 
0 1 1 1 1 1 1 1 0 1 1 1 1 1 1 1 0 1 1 1 
1 1 1 1 1 1 1 1 1 1 1 1 1 0 1 1 0 0 1 1 
1 1 1 1 1 0 1 0 1 1 1 1 0 0 0 1 1 0 1 1 
1 1 1 0 1 1 1 0 1 0 0 1 1 1 1 1 0 0 1 0 
1 1 0 1 1 1 0 1 0 1 1 1 1 1 1 1 1 1 0 0 
1 1 1 1 0 0 1 0 0 0 0 1 1 1 1 1 1 1 0 1 
1 1 1 0 0 1 0 0 1 0 1 0 1 1 1 0 1 0 1 1 
0 0 1 0 1 1 1 0 1 1 1 1 1 1 1 1 1 1 1 1 
1 1 1 0 1 1 0 1 1 0 1 1 1 0 1 1 1 1 0 1 
1 1 1 0 1 1 1 1 0 1 1 1 0 1 1 1 0 1 1 0 
1 1 0 1 1 1 1 0 1 1 1 0 0 1 1 1 0 1 1 1 
0 1 0 1 1 1 1 1 1 0 1 1 1 0 1 0 1 1 1 0 
1 1 0 1 1 1 1 1 0 0 1 1 1 1 0 1 1 1 1 1 
1 0 1 1 1 1 1 1 1 1 0 1 0 1 0 0 0 0 0 1 
1 1 1 0 1 0 1 0 1 1 0 0 1 1 1 0 1 1 1 0 
0 0 0 1 1 1 1 1 0 0 1 0 1 1 0 1 1 0 0 0 
0 1 0 0 1 1 1 0 1 1 1 0 1 1 1 1 0 1 0 1 
0 0 1 1 1 1 0 1 1 0 0 1 0 1 1 1 0 1 1 1 
0 1 1 0 1 1 0 1 1 0 1 0 0 1 1 1 1 0 1 1 
1 1 0 0 1 1 0 0 1 1 0 0 1 1 1 1 1 0 1 1 
0 1 1 1 1 0 1 1 1 0 1 0 1 1 0 1 1 1 1 1 
1 1 0 0 0 0 1 1 1 1 1 1 1 1 1 1 1 0 1 0 
0 1 1 1 1 0 1 0 0 1 1 0 0 1 0 1 0 0 1 1 
0 1 1 0 0 1 1 1 1 1 0 1 0 1 0 1 1 1 1 1 
0 0 1 0 0 0 1 1 1 1 1 1 1 1 1 1 1 1 1 1 
0 1 1 1 0 0 1 1 1 1 1 1 1 1 1 1 1 1 1 1 
1 1 1 0 1 1 1 1 1 1 0 1 1 0 0 0 1 1 1 0 
1 1 1 0 0 0 0 0 0 0 1 1 0 1 1 1 1 1 0 1 
1 1 1 0 1 0 1 0 1 1 0 0 0 1 0 1 1 1 1 0 
1 0 1 1 1 1 1 1 0 1 0 1 1 1 1 0 1 1 1 0 
1 1 1 0 0 0 1 0 1 1 1 1 1 1 1 1 1 1 1 1 
0 0 0 1 1 1 1 0 1 1 1 0 0 0 1 0 1 0 0 1 
1 1 1 1 1 1 1 1 1 0 1 1 1 0 1 0 0 1 1 0 
1 1 0 1 1 1 1 1 1 1 0 1 1 1 1 1 0 1 1 1 
1 0 1 0 1 1 0 1 0 0 1 1 1 1 1 1 1 0 1 1 
0 0 1 1 0 1 0 1 1 1 0 1 1 1 1 1 1 0 1 1 
1 1 1 1 1 1 1 1 1 0 1 1 0 1 1 1 0 0 1 1 
1 1 1 0 0 1 1 1 1 0 0 1 1 1 1 1 1 0 0 1 
1 1 0 0 1 0 1 0 0 1 1 1 0 0 1 1 1 0 0 0 
1 1 0 0 1 0 1 1 1 1 0 0 0 0 1 1 1 0 1 1 
1 1 1 1 1 1 1 1 0 0 1 1 1 1 0 1 1 0 1 1 
1 1 1 1 0 1 0 1 1 1 1 1 1 0 1 0 1 0 0 0 
1 1 1 0 0 1 1 1 1 1 1 0 1 1 0 0 1 1 1 1 
1 1 0 0 1 1 1 0 0 0 1 1 1 1 1 1 1 1 0 1 
1 0 1 1 1 1 1 1 1 0 1 0 1 1 1 1 1 0 1 1 
1 1 1 1 1 1 0 0 0 1 0 1 1 1 1 1 1 0 1 0 
0 1 1 1 1 0 1 0 1 1 1 0 0 1 0 0 1 0 0 1 
1 1 1 1 0 1 1 1 1 1 0 1 1 1 1 1 0 1 1 0 
1 1 1 0 1 0 0 1 1 1 1 0 0 0 0 1 0 1 1 0 
1 1 0 1 0 1 1 1 1 1 0 1 1 0 1 1 1 1 1 1 
1 1 0 1 0 0 0 1 1 0 0 0 1 1 1 1 1 1 1 0 
1 0 1 0 1 0 1 1 1 0 1 1 1 1 1 0 1 1 0 1 
1 1 1 1 1 1 0 1 1 1 1 1 1 0 1 0 1 1 1 1 
1 0 1 1 1 0 1 1 1 1 1 1 1 1 0 1 1 1 1 1 
1 1 1 1 1 0 0 0 1 0 0 0 1 1 0 1 0 0 1 1 
1 1 1 0 1 1 1 0 1 1 0 1 0 1 1 1 1 1 1 1 
0 1 0 1 1 1 0 0 1 0 0 1 0 1 1 1 0 1 1 0 
0 0 0 0 0 1 1 1 1 1 1 1 1 1 1 1 1 0 1 0 
0 1 1 1 0 0 1 1 0 1 1 1 1 0 0 0 1 1 0 1 
1 0 1 1 0 0 1 1 1 1 1 1 0 1 0 1 1 1 0 1 
1 0 1 0 0 0 1 1 0 1 1 1 1 1 1 0 1 1 1 1 
1 0 1 1 0 0 1 1 1 0 0 0 1 1 1 1 1 0 0 1 
0 1 0 1 1 1 1 1 1 1 1 1 1 1 0 0 1 1 1 1 
1 1 0 1 1 1 1 0 1 1 0 0 1 1 1 1 1 0 0 1 
1 1 1 1 1 1 1 1 1 1 1 0 1 1 1 1 0 1 1 1 
1 1 0 1 1 1 1 1 1 0 0 1 0 1 1 1 1 1 0 0 
1 1 1 1 0 0 1 1 1 0 1 1 1 0 1 1 1 1 1 1 
1 1 1 1 0 1 1 1 1 1 0 0 1 1 1 1 0 1 1 0 
1 1 0 1 0 1 0 0 1 1 0 1 1 0 0 1 0 1 1 1 
0 0 1 0 0 1 1 0 1 1 1 1 0 1 1 0 1 0 1 1 
1 1 0 0 1 1 1 1 1 1 1 0 1 1 0 0 1 1 1 1 
1 0 1 1 0 0 1 0 1 1 0 1 1 1 1 1 1 1 1 1 
0 1 1 0 1 1 1 0 0 1 1 1 1 1 0 0 1 0 1 1 
0 1 1 1 1 1 1 0 1 0 1 1 1 1 1 1 0 1 1 1 
0 0 0 1 1 0 1 1 0 0 0 1 1 1 1 0 1 1 0 1 
1 1 1 0 0 0 1 1 1 1 0 0 1 1 0 1 0 1 1 1 
1 1 1 1 1 1 1 1 1 1 1 1 1 1 0 0 1 0 1 1 
0 1 1 1 0 1 0 1 0 0 1 1 0 1 1 1 0 1 1 0 
1 1 1 1 0 1 1 1 1 0 1 0 1 0 0 1 1 1 1 0 
1 1 1 1 1 1 0 1 1 1 1 1 1 1 1 1 1 0 1 1 
1 1 1 1 1 1 1 0 0 1 1 1 1 1 1 1 1 1 0 1 
0 1 1 1 1 1 1 0 1 1 0 1 0 1 0 0 1 0 0 0 
0 0 1 1 1 1 1 1 1 1 0 1 1 1 0 1 1 1 1 0 
0 0 0 1 0 0 0 0 1 1 1 1 0 1 1 0 1 1 0 1 
95 20
    1 2 3 4 5 6 7 8 9 10 11 12 13 14 15 16 17 18 19 20
1:  1 0 0 0 1 0 0 1 0  1  1  1  1  0  0  1  1  1  1  1
2:  1 1 0 1 0 1 0 1 0  1  0  0  0  0  1  1  0  1  1  1
3:  0 1 0 1 1 1 1 1 1  1  1  1  0  1  1  0  1  1  1  1
4:  1 1 1 0 0 1 0 1 1  1  1  0  1  0  1  1  1  1  1  1
5:  0 0 1 1 0 1 1 1 0  1  0  1  0  1  1  1  0  0  1  1
6:  0 0 1 1 1 1 1 0 1  1  1  1  1  1  1  1  1  1  1  1
7:  1 1 1 1 0 1 1 1 1  1  0  1  0  1  1  1  1  0  1  1
8:  0 0 0 0 0 1 1 1 0  1  1  1  1  0  0  1  1  1  0  1
9:  1 1 1 1 1 1 1 1 1  0  1  1  1  1  1  1  1  1  1  1
10: 1 1 0 1 0 1 1 0 0  1  1  0  0  1  1  1  1  1  1  1
11: 1 1 0 1 1 0 1 1 1  1  1  1  1  0  0  0  0  1  1  1
12: 1 0 1 0 1 1 0 0 0  1  1  1  1  0  1  0  0  1  0  1
13: 1 1 1 1 0 0 1 1 1  1  1  1  1  0  1  0  1  0  1  0
14: 1 0 1 1 0 1 1 0 1  0  1  1  1  1  1  1  1  1  1  1
15: 1 1 0 1 1 0 0 0 0  1  0  1  1  1  1  1  1  0  1  1
16: 1 1 1 0 1 0 1 1 1  1  1  1  1  0  1  1  0  1  1  1
17: 0 1 0 1 1 1 1 1 0  1  1  1  1  0  0  1  1  0  1  1
18: 1 1 1 1 1 1 0 0 0  1  1  1  1  1  1  1  1  1  0  0
19: 1 1 0 0 0 0 1 0 1  1  1  1  1  1  1  1  1  0  0  1
20: 0 1 1 0 1 1 1 1 1  1  1  0  0  0  0  1  0  0  0  1
21: 1 1 0 1 1 1 1 1 1  0  1  1  1  1  0  0  1  0  0  0
22: 1 0 1 1 1 1 1 0 0  1  1  1  1  0  1  1  1  1  1  0
23: 1 1 1 1 1 1 0 0 1  1  1  0  0  1  1  1  0  1  0  1
24: 1 0 1 1 1 1 0 0 0  1  1  1  1  1  1  1  0  1  0  1
25: 1 1 1 1 1 1 1 0 0  1  1  0  0  0  1  1  1  1  1  1
26: 1 1 0 1 1 1 1 1 0  0  1  1  0  1  1  1  1  1  1  0
27: 1 1 0 1 0 1 1 1 1  1  0  0  0  1  1  1  1  1  1  1
28: 1 0 0 1 0 0 0 1 1  1  1  1  1  1  1  0  1  0  0  0
29: 1 1 1 1 0 0 0 1 0  1  1  1  0  1  1  0  0  0  1  1
30: 0 1 0 1 1 1 1 1 0  1  1  1  0  1  1  0  1  1  0  1
31: 1 1 0 1 1 0 1 1 1  1  1  0  0  0  1  1  0  0  0  1
32: 0 1 1 0 0 0 1 0 1  1  0  1  1  1  1  1  0  0  1  1
33: 0 0 0 1 0 0 1 1 0  1  0  1  0  0  1  1  1  0  0  1
34: 1 1 1 1 1 1 1 1 1  1  1  1  1  0  1  1  1  1  1  1
35: 1 1 1 1 0 1 1 1 1  1  1  0  0  1  1  1  0  0  1  0
36: 0 0 1 0 1 1 1 1 1  1  1  0  1  1  0  0  0  0  1  0
37: 1 0 1 0 1 0 1 1 0  0  1  0  1  1  1  1  1  1  0  1
38: 1 1 1 0 0 1 0 1 0  0  1  0  1  0  1  0  1  1  1  0
39: 1 1 1 1 0 0 0 1 0  0  0  0  1  1  1  1  1  0  1  1
40: 1 0 1 1 1 0 1 1 1  1  1  1  0  1  1  0  1  1  1  0
41: 0 1 0 1 1 1 0 1 1  0  0  1  1  0  1  0  1  1  0  1
42: 1 0 1 1 1 1 0 1 1  1  0  1  1  1  1  1  1  1  1  1
43: 1 1 1 1 1 0 1 0 1  1  1  0  1  1  0  1  0  1  1  1
44: 1 1 1 1 1 0 0 1 0  1  1  1  1  1  1  0  0  1  0  0
45: 1 1 1 0 0 0 1 1 1  1  0  1  0  1  0  1  0  1  1  1
46: 1 1 1 1 1 0 1 1 1  0  0  1  1  1  0  0  1  1  0  1
47: 1 1 1 1 1 1 1 1 0  1  1  1  1  1  0  1  0  1  1  1
48: 0 1 1 1 1 1 1 0 1  1  1  1  1  0  0  0  1  1  1  1
49: 1 0 0 1 1 1 1 1 1  0  0  1  1  0  1  1  1  1  0  0
50: 1 0 1 0 1 1 1 0 1  1  1  1  1  1  0  0  1  1  1  1
51: 1 0 1 1 1 0 1 1 0  1  0  1  0  1  0  1  0  1  1  0
52: 1 0 1 0 1 1 1 0 0  0  0  0  1  1  0  1  1  1  1  1
53: 0 1 1 0 1 1 1 1 1  0  1  1  1  1  0  1  0  0  0  1
54: 0 1 1 1 1 0 0 0 0  1  1  0  0  0  1  1  1  1  1  1
55: 0 1 1 0 1 0 1 0 0  1  1  1  1  1  1  1  1  1  0  0
56: 0 1 1 0 1 0 0 1 1  1  1  1  0  0  1  1  1  1  0  0
57: 1 0 0 0 1 0 1 1 1  1  1  0  1  1  1  1  1  1  1  0
58: 0 1 1 0 1 1 1 1 0  1  1  1  1  1  1  1  0  1  1  1
59: 1 1 1 1 1 1 0 1 1  0  1  1  1  1  0  1  0  1  0  1
60: 1 1 0 1 1 1 1 1 1  1  1  1  0  1  1  0  0  0  0  0
61: 1 1 1 1 0 1 1 1 1  1  1  0  1  1  0  0  0  1  1  1
62: 1 1 1 1 0 0 1 1 0  1  1  1  1  1  1  1  1  0  1  1
63: 1 1 1 0 1 1 1 1 1  1  1  1  0  1  1  0  1  1  0  1
64: 1 1 0 1 1 0 0 0 1  1  1  1  1  1  1  1  1  0  0  0
65: 0 1 1 1 1 0 1 0 0  1  0  1  0  0  1  1  1  0  1  0
66: 1 1 1 1 1 1 1 0 1  1  1  1  1  0  1  1  1  1  1  0
67: 1 0 1 1 1 1 1 0 0  1  0  1  0  1  1  1  0  0  1  0
68: 1 1 0 0 1 0 1 0 0  1  1  1  0  1  0  1  1  1  0  1
69: 0 1 1 1 1 1 0 0 1  1  1  0  1  1  0  0  1  1  1  1
70: 1 0 1 1 1 1 1 1 1  0  0  1  1  0  1  0  1  1  0  1
71: 0 1 1 1 1 1 1 1 1  1  1  1  0  1  1  0  0  1  1  1
72: 1 0 1 1 1 1 0 1 1  1  1  0  1  1  1  1  1  1  1  0
73: 1 1 1 0 1 1 0 1 1  1  1  0  0  1  1  0  1  1  1  1
74: 0 0 1 0 0 0 0 1 1  1  1  1  1  1  1  0  0  1  1  1
75: 1 0 1 0 1 0 0 1 1  0  1  1  0  0  1  1  0  1  1  1
76: 1 1 0 1 1 1 1 1 1  0  1  0  0  1  1  0  0  1  1  1
77: 0 1 1 0 1 1 1 1 1  1  1  1  1  1  1  1  1  1  1  0
78: 1 0 1 0 1 1 1 1 0  0  0  1  1  1  1  1  1  1  0  0
79: 1 0 1 0 1 1 1 1 0  1  1  1  0  0  1  0  0  0  1  1
80: 0 0 0 0 1 1 1 1 1  1  1  1  1  0  1  1  1  1  1  1
81: 1 1 1 1 1 1 1 1 1  0  0  0  0  0  1  1  0  1  1  1
82: 0 1 0 1 1 0 0 1 0  0  0  1  1  1  0  1  1  1  1  1
83: 1 1 1 1 0 1 0 1 0  1  1  1  1  1  1  1  1  0  1  0
84: 1 1 1 1 1 1 1 0 0  1  0  1  0  1  1  0  0  1  1  1
85: 1 1 1 1 1 1 1 0 1  0  1  1  1  1  1  0  1  1  0  1
86: 0 1 1 0 1 1 1 1 0  1  1  0  1  1  1  1  1  1  0  1
87: 1 1 1 0 1 1 1 1 1  1  1  1  1  1  1  1  1  1  0  1
88: 0 1 1 1 1 1 0 1 0  1  1  0  0  0  1  1  1  1  0  1
89: 1 1 1 1 1 1 1 1 1  1  1  1  1  1  1  1  1  0  1  0
90: 0 1 1 1 1 1 0 1 1  1  1  1  1  1  1  1  1  1  1  0
91: 1 1 1 1 1 1 1 1 0  1  0  0  1  1  1  1  1  1  0  1
92: 1 1 1 0 0 1 1 1 1  0  1  1  1  1  0  0  1  0  1  1
93: 1 1 1 1 1 0 1 1 1  0  1  1  0  1  1  1  1  1  0  1
94: 1 1 0 0 1 1 1 1 1  0  0  1  1  1  1  1  0  1  1  1
95: 1 0 0 1 1 0 1 0 0  1  1  0  1  1  1  1  1  0  1  1


clusters :
   1 5 8 10 11 12 13 16 17 18 19 20
1: 1 1 1  1  1  1  1  1  1  1  1  1

   1 2 4 6 8 10 15 16 18 19 20
2: 1 1 1 1 1  1  1  1  1  1  1

   1 2 3 6 8 9 10 11 13 15 16 17 18 19 20
4: 1 1 1 1 1 1  1  1  1  1  1  1  1  1  1

   3 4 6 7 8 10 12 14 15 16 19 20
5: 1 1 1 1 1  1  1  1  1  1  1  1

   6 7 8 10 11 12 13 16 17 18 20
8: 1 1 1  1  1  1  1  1  1  1  1

    1 2 4 5 7 8 9 10 11 12 13 18 19 20
11: 1 1 1 1 1 1 1  1  1  1  1  1  1  1

    1 3 5 6 10 11 12 13 15 18 20
12: 1 1 1 1  1  1  1  1  1  1  1

    1 2 3 4 7 8 9 10 11 12 13 15 17 19
13: 1 1 1 1 1 1 1  1  1  1  1  1  1  1

    1 2 4 5 10 12 13 14 15 16 17 19 20
15: 1 1 1 1  1  1  1  1  1  1  1  1  1

    1 2 3 5 7 8 9 10 11 12 13 15 16 18 19 20
16: 1 1 1 1 1 1 1  1  1  1  1  1  1  1  1  1

    2 4 5 6 7 8 10 11 12 13 16 17 19 20
17: 1 1 1 1 1 1  1  1  1  1  1  1  1  1

    1 2 7 9 10 11 12 13 14 15 16 17 20
19: 1 1 1 1  1  1  1  1  1  1  1  1  1

    2 3 5 6 7 8 9 10 11 16 20
20: 1 1 1 1 1 1 1  1  1  1  1

    1 2 4 5 6 7 8 9 11 12 13 14 17
21: 1 1 1 1 1 1 1 1  1  1  1  1  1

    1 2 3 4 5 6 9 10 11 14 15 16 18 20
23: 1 1 1 1 1 1 1  1  1  1  1  1  1  1

    1 2 4 5 6 7 8 11 12 14 15 16 17 18 19
26: 1 1 1 1 1 1 1  1  1  1  1  1  1  1  1

    1 4 8 9 10 11 12 13 14 15 17
28: 1 1 1 1  1  1  1  1  1  1  1

    1 2 3 4 8 10 11 12 14 15 19 20
29: 1 1 1 1 1  1  1  1  1  1  1  1

    1 2 4 5 7 8 9 10 11 15 16 20
31: 1 1 1 1 1 1 1  1  1  1  1  1

    2 3 7 9 10 12 13 14 15 16 19 20
32: 1 1 1 1  1  1  1  1  1  1  1  1

    4 7 8 10 12 15 16 17 20
33: 1 1 1  1  1  1  1  1  1

    1 2 3 4 6 7 8 9 10 11 14 15 16 19
35: 1 1 1 1 1 1 1 1  1  1  1  1  1  1

    3 5 6 7 8 9 10 11 13 14 19
36: 1 1 1 1 1 1  1  1  1  1  1

    1 3 5 7 8 11 13 14 15 16 17 18 20
37: 1 1 1 1 1  1  1  1  1  1  1  1  1

    1 2 3 6 8 11 13 15 17 18 19
38: 1 1 1 1 1  1  1  1  1  1  1

    1 2 3 4 8 13 14 15 16 17 19 20
39: 1 1 1 1 1  1  1  1  1  1  1  1

    1 3 4 5 7 8 9 10 11 12 14 15 17 18 19
40: 1 1 1 1 1 1 1  1  1  1  1  1  1  1  1

    2 4 5 6 8 9 12 13 15 17 18 20
41: 1 1 1 1 1 1  1  1  1  1  1  1

    1 2 3 4 5 7 9 10 11 13 14 16 18 19 20
43: 1 1 1 1 1 1 1  1  1  1  1  1  1  1  1

    1 2 3 4 5 8 10 11 12 13 14 15 18
44: 1 1 1 1 1 1  1  1  1  1  1  1  1

    1 2 3 7 8 9 10 12 14 16 18 19 20
45: 1 1 1 1 1 1  1  1  1  1  1  1  1

    1 2 3 4 5 7 8 9 12 13 14 17 18 20
46: 1 1 1 1 1 1 1 1  1  1  1  1  1  1

    1 3 5 6 7 9 10 11 12 13 14 17 18 19 20
50: 1 1 1 1 1 1  1  1  1  1  1  1  1  1  1

    1 3 4 5 7 8 10 12 14 16 18 19
51: 1 1 1 1 1 1  1  1  1  1  1  1

    1 3 5 6 7 13 14 16 17 18 19 20
52: 1 1 1 1 1  1  1  1  1  1  1  1

    2 3 5 6 7 8 9 11 12 13 14 16 20
53: 1 1 1 1 1 1 1  1  1  1  1  1  1

    2 3 4 5 10 11 15 16 17 18 19 20
54: 1 1 1 1  1  1  1  1  1  1  1  1

    2 3 5 7 10 11 12 13 14 15 16 17 18
55: 1 1 1 1  1  1  1  1  1  1  1  1  1

    2 3 5 8 9 10 11 12 15 16 17 18
56: 1 1 1 1 1  1  1  1  1  1  1  1

    1 5 7 8 9 10 11 13 14 15 16 17 18 19
57: 1 1 1 1 1  1  1  1  1  1  1  1  1  1

    1 2 3 4 5 6 8 9 11 12 13 14 16 18 20
59: 1 1 1 1 1 1 1 1  1  1  1  1  1  1  1

    1 2 4 5 6 7 8 9 10 11 12 14 15
60: 1 1 1 1 1 1 1 1  1  1  1  1  1

    1 2 3 4 6 7 8 9 10 11 13 14 18 19 20
61: 1 1 1 1 1 1 1 1  1  1  1  1  1  1  1

    1 2 4 5 9 10 11 12 13 14 15 16 17
64: 1 1 1 1 1  1  1  1  1  1  1  1  1

    2 3 4 5 7 10 12 15 16 17 19
65: 1 1 1 1 1  1  1  1  1  1  1

    1 3 4 5 6 7 10 12 14 15 16 19
67: 1 1 1 1 1 1  1  1  1  1  1  1

    1 2 5 7 10 11 12 14 16 17 18 20
68: 1 1 1 1  1  1  1  1  1  1  1  1

    1 2 3 5 6 8 9 10 11 14 15 17 18 19 20
73: 1 1 1 1 1 1 1  1  1  1  1  1  1  1  1

    3 8 9 10 11 12 13 14 15 18 19 20
74: 1 1 1  1  1  1  1  1  1  1  1  1

    1 3 5 8 9 11 12 15 16 18 19 20
75: 1 1 1 1 1  1  1  1  1  1  1  1

    1 2 4 5 6 7 8 9 11 14 15 18 19 20
76: 1 1 1 1 1 1 1 1  1  1  1  1  1  1

    1 3 5 6 7 8 12 13 14 15 16 17 18
78: 1 1 1 1 1 1  1  1  1  1  1  1  1

    1 3 5 6 7 8 10 11 12 15 19 20
79: 1 1 1 1 1 1  1  1  1  1  1  1

    5 6 7 8 9 10 11 12 13 15 16 17 18 19 20
80: 1 1 1 1 1  1  1  1  1  1  1  1  1  1  1

    1 2 3 4 5 6 7 8 9 15 16 18 19 20
81: 1 1 1 1 1 1 1 1 1  1  1  1  1  1

    2 4 5 8 12 13 14 16 17 18 19 20
82: 1 1 1 1  1  1  1  1  1  1  1  1

    1 2 3 4 5 6 7 10 12 14 15 18 19 20
84: 1 1 1 1 1 1 1  1  1  1  1  1  1  1

    1 2 3 4 5 6 7 9 11 12 13 14 15 17 18 20
85: 1 1 1 1 1 1 1 1  1  1  1  1  1  1  1  1

    2 3 4 5 6 8 10 11 15 16 17 18 20
88: 1 1 1 1 1 1  1  1  1  1  1  1  1

    1 2 3 6 7 8 9 11 12 13 14 17 19 20
92: 1 1 1 1 1 1 1  1  1  1  1  1  1  1

    1 2 3 4 5 7 8 9 11 12 14 15 16 17 18 20
93: 1 1 1 1 1 1 1 1  1  1  1  1  1  1  1  1

    1 2 5 6 7 8 9 12 13 14 15 16 18 19 20
94: 1 1 1 1 1 1 1  1  1  1  1  1  1  1  1

    1 4 5 7 10 11 13 14 15 16 17 19 20
95: 1 1 1 1  1  1  1  1  1  1  1  1  1

    2 3 4 5 6 7 8 9 10 11 12 13 14 15 16 17 18 19
77: 1 1 0 1 1 1 1 1  1  1  1  1  1  1  1  1  1  1
90: 1 1 1 1 1 0 1 1  1  1  1  1  1  1  1  1  1  1

    1 2 3 4 5 6 7 9 10 11 12 13 15 16 17 18 19
22: 1 0 1 1 1 1 1 0  1  1  1  1  1  1  1  1  1
66: 1 1 1 1 1 1 1 1  1  1  1  1  1  1  1  1  1

    1 2 3 4 5 6 7 8 10 11 12 13 14 15 16 18 19 20
47: 1 1 1 1 1 1 1 1  1  1  1  1  1  0  1  1  1  1
58: 0 1 1 0 1 1 1 1  1  1  1  1  1  1  1  1  1  1

    1 3 4 5 6 8 9 10 11 12 13 14 15 16 17 18 19 20
42: 1 1 1 1 1 1 1  1  0  1  1  1  1  1  1  1  1  1
72: 1 1 1 1 1 1 1  1  1  0  1  1  1  1  1  1  1  0

    1 3 4 5 6 7 9 10 11 12 13 14 15 16 17 18 19 20
6:  0 1 1 1 1 1 1  1  1  1  1  1  1  1  1  1  1  1
14: 1 1 1 0 1 1 1  0  1  1  1  1  1  1  1  1  1  1

    1 2 3 4 5 6 7 8 10 11 13 14 15 16 17 18 20
86: 0 1 1 0 1 1 1 1  1  1  1  1  1  1  1  1  1
91: 1 1 1 1 1 1 1 1  1  0  1  1  1  1  1  1  1

    1 2 3 4 6 7 8 10 11 12 13 14 15 16 17 19 20
62: 1 1 1 1 0 1 1  1  1  1  1  1  1  1  1  1  1
83: 1 1 1 1 1 0 1  1  1  1  1  1  1  1  1  1  0

    1 2 3 4 6 7 8 9 10 12 14 15 16 17 18 19 20
7:  1 1 1 1 1 1 1 1  1  1  1  1  1  1  0  1  1
27: 1 1 0 1 1 1 1 1  1  0  1  1  1  1  1  1  1

    2 3 4 5 6 7 9 10 11 12 13 14 17 18 19 20
48: 1 1 1 1 1 1 1  1  1  1  1  0  1  1  1  1
69: 1 1 1 1 1 0 1  1  1  0  1  1  1  1  1  1

    1 2 3 4 5 6 10 11 12 13 14 15 16 17 18 20
18: 1 1 1 1 1 1  1  1  1  1  1  1  1  1  1  0
24: 1 0 1 1 1 1  1  1  1  1  1  1  1  0  1  1

    1 2 3 4 5 6 7 10 11 14 15 16 17 18 19 20
10: 1 1 0 1 0 1 1  1  1  1  1  1  1  1  1  1
25: 1 1 1 1 1 1 1  1  1  0  1  1  1  1  1  1

    2 3 4 5 6 7 8 9 10 11 12 14 15 17 18 19 20
3:  1 0 1 1 1 1 1 1  1  1  1  1  1  1  1  1  1
30: 1 0 1 1 1 1 1 0  1  1  1  1  1  1  1  0  1
71: 1 1 1 1 1 1 1 1  1  1  1  1  1  0  1  1  1

    1 2 3 4 5 6 7 8 9 10 11 12 13 14 15 16 17 18 19 20
9:  1 1 1 1 1 1 1 1 1  0  1  1  1  1  1  1  1  1  1  1
34: 1 1 1 1 1 1 1 1 1  1  1  1  1  0  1  1  1  1  1  1
63: 1 1 1 0 1 1 1 1 1  1  1  1  0  1  1  0  1  1  0  1
87: 1 1 1 0 1 1 1 1 1  1  1  1  1  1  1  1  1  1  0  1
89: 1 1 1 1 1 1 1 1 1  1  1  1  1  1  1  1  1  0  1  0

    1 3 4 5 6 7 8 9 12 13 15 16 17 18 20
49: 1 0 1 1 1 1 1 1  1  1  1  1  1  1  0
70: 1 1 1 1 1 1 1 1  1  1  1  0  1  1  1

