95 20
    1 2 3 4 5 6 7 8 9 10 11 12 13 14 15 16 17 18 19 20
1:  0 0 1 0 1 0 0 0 1  0  1  0  1  0  1  0  1  0  0  0
2:  0 0 0 0 0 1 0 0 0  0  1  0  0  0  0  1  0  0  0  0
3:  1 0 0 1 1 1 0 1 0  0  0  0  1  0  0  1  1  0  0  0
4:  1 0 1 1 0 0 0 0 0  0  0  0  0  0  1  0  0  0  0  0
5:  1 0 0 1 0 0 0 0 0  0  1  1  0  1  1  0  1  0  0  0
6:  0 1 0 0 0 0 1 0 1  0  0  0  0  0  0  0  0  1  0  0
7:  1 0 0 0 0 0 0 0 0  0  1  1  0  0  1  0  0  0  0  0
8:  0 0 0 0 1 1 0 0 0  0  0  0  1  0  0  0  0  0  1  0
9:  1 1 1 0 0 0 0 0 0  0  0  0  0  0  0  0  0  0  0  1
10: 1 0 1 1 0 0 1 0 0  0  0  0  0  0  0  0  0  1  0  1
11: 0 0 1 0 0 0 0 0 0  0  1  0  0  1  0  0  0  0  0  0
12: 0 0 0 1 0 0 0 1 0  0  1  0  0  0  0  0  1  0  1  0
13: 0 0 1 0 0 0 0 0 0  0  0  0  0  1  0  0  0  0  0  0
14: 1 0 0 0 0 0 0 0 0  0  0  0  0  1  0  1  0  0  0  0
15: 0 0 0 0 0 0 0 1 0  1  0  0  0  0  0  0  0  0  0  0
16: 0 0 0 0 0 0 0 1 0  0  1  1  1  0  1  0  0  0  0  0
17: 1 0 0 0 0 1 1 0 0  0  0  0  0  0  0  0  0  0  0  0
18: 0 0 0 1 0 0 0 0 0  0  0  0  1  0  1  0  1  0  0  0
19: 0 0 1 0 0 0 0 0 0  0  1  0  0  0  0  0  0  0  0  1
20: 0 1 0 0 0 0 0 1 0  1  1  0  0  1  0  0  0  1  1  0
21: 1 0 1 0 0 0 1 1 1  0  0  0  0  0  0  0  0  0  0  0
22: 0 1 0 0 1 0 1 0 0  0  1  0  0  0  1  1  0  0  0  1
23: 0 1 0 1 0 0 0 0 0  1  0  0  0  0  0  0  1  0  0  0
24: 1 0 0 1 0 0 0 0 0  0  0  0  0  0  0  0  0  0  1  1
25: 0 0 0 0 0 0 0 0 0  0  0  0  0  1  1  0  1  1  0  0
26: 0 0 0 0 0 0 0 0 1  0  1  1  0  0  1  0  0  1  0  0
27: 1 1 0 0 0 0 0 1 0  0  0  1  0  0  0  0  0  0  0  0
28: 0 0 0 0 0 0 0 0 1  0  1  0  1  0  0  0  0  0  0  0
29: 0 0 0 0 0 0 0 1 0  1  0  0  0  0  0  0  0  1  0  0
30: 0 1 0 0 0 0 0 1 1  1  0  1  0  0  1  0  0  0  0  0
31: 1 0 0 1 0 0 0 0 0  0  0  0  0  0  0  0  1  0  0  0
32: 0 0 0 0 1 0 0 1 0  0  0  0  0  1  0  0  0  0  0  0
33: 0 0 0 0 0 0 0 0 0  1  0  0  1  0  0  0  0  0  0  0
34: 0 0 0 0 0 1 0 0 0  1  1  0  0  0  0  0  0  1  0  0
35: 0 1 0 0 0 0 1 1 0  0  0  1  0  1  0  0  0  0  0  0
36: 0 0 1 0 0 0 1 0 0  0  0  1  0  0  0  1  1  0  0  0
37: 0 0 0 0 0 0 0 0 0  0  0  0  0  1  0  1  0  1  0  0
38: 0 0 0 1 0 0 0 0 1  0  0  0  0  0  0  0  0  0  0  0
39: 0 0 0 0 1 1 0 0 0  0  0  0  0  0  0  0  0  0  0  1
40: 0 0 0 0 0 0 0 0 0  0  0  0  0  1  1  1  1  0  0  0
41: 0 0 1 1 0 0 0 0 1  1  0  1  1  0  0  0  0  0  0  0
42: 0 0 1 0 1 1 0 0 0  0  0  0  0  0  0  1  0  0  0  0
43: 0 0 0 0 1 0 1 0 1  0  0  1  0  0  0  0  0  0  0  0
44: 0 0 0 0 0 0 0 1 0  0  0  0  1  0  0  1  1  0  0  0
45: 0 0 0 0 0 0 0 0 0  1  0  0  1  0  0  1  0  0  0  0
46: 1 0 1 0 1 0 0 0 0  0  0  0  0  0  0  0  0  1  0  0
47: 0 0 1 1 0 0 0 0 0  0  0  1  0  1  0  0  0  1  0  1
48: 0 0 0 0 0 0 0 0 0  0  0  0  0  0  0  0  0  0  1  0
49: 1 1 0 0 1 0 0 1 1  0  0  1  0  1  1  1  1  0  1  0
50: 1 0 1 1 0 1 1 0 0  1  0  0  0  1  0  0  0  0  1  1
51: 0 0 1 0 0 0 0 0 0  0  0  0  0  1  0  0  0  1  0  1
52: 0 1 0 0 0 0 0 0 0  1  1  1  0  0  0  1  0  0  0  0
53: 1 1 0 0 0 1 0 0 0  0  1  0  0  0  0  0  1  0  0  0
54: 1 1 1 0 0 0 0 1 0  0  1  0  0  0  0  0  0  0  0  0
55: 0 0 0 0 0 0 0 0 0  0  0  0  0  0  0  0  0  0  1  0
56: 1 0 0 0 0 1 1 0 0  0  1  1  0  0  0  0  0  0  0  0
57: 0 0 0 0 0 0 0 0 0  0  0  0  0  0  0  1  0  0  0  0
58: 1 0 0 1 0 0 0 0 0  1  1  0  0  1  1  1  0  0  1  0
59: 0 1 1 0 0 0 1 0 0  0  0  0  0  0  0  1  1  1  0  0
60: 0 0 0 0 0 0 0 0 0  0  1  0  0  0  0  0  0  1  0  0
61: 0 1 0 0 0 0 0 0 0  0  0  0  0  0  0  0  0  0  0  0
62: 0 1 0 0 0 0 0 1 0  0  0  0  0  0  1  0  1  0  0  0
63: 0 0 0 0 0 0 0 1 0  0  0  0  0  0  0  0  0  0  0  0
64: 1 0 0 0 0 0 1 0 0  1  0  0  0  0  0  0  0  0  0  0
65: 1 0 0 0 0 0 0 0 0  0  0  1  0  0  0  0  0  0  0  1
66: 1 1 0 0 0 1 0 1 0  0  0  0  0  0  0  0  0  0  0  0
67: 0 0 0 0 0 0 0 0 0  1  1  0  0  0  0  0  0  0  0  0
68: 0 0 0 0 0 0 0 0 1  0  0  0  0  0  0  0  1  0  1  0
69: 1 1 0 0 1 0 0 0 0  0  0  1  0  1  0  0  0  0  0  0
70: 0 0 1 0 0 1 0 0 0  0  0  0  0  0  1  1  0  0  0  0
71: 0 0 0 0 1 0 0 1 0  0  1  0  0  0  0  0  0  0  0  0
72: 0 0 0 0 0 0 0 0 0  0  0  0  0  0  0  1  0  0  0  0
73: 0 0 0 0 1 0 0 1 0  0  0  0  0  0  0  0  0  0  0  0
74: 0 0 0 1 0 0 1 0 1  0  1  0  0  0  0  0  1  0  1  0
75: 0 1 1 0 0 0 0 1 0  0  0  0  0  0  0  0  1  0  0  0
76: 0 1 1 1 0 0 0 0 0  0  1  0  0  0  0  0  0  0  0  0
77: 0 0 0 1 0 0 1 0 0  0  0  0  0  1  0  0  0  0  0  0
78: 0 1 1 0 1 1 0 0 0  0  0  0  0  0  0  0  1  0  1  0
79: 0 0 0 0 0 0 0 0 0  1  0  0  1  0  0  0  0  0  0  0
80: 0 0 0 0 1 1 0 0 1  0  0  0  0  1  0  0  0  0  1  0
81: 1 0 0 0 0 0 0 1 1  1  0  0  0  0  0  0  0  0  0  0
82: 1 0 0 0 0 1 1 0 0  0  0  0  0  0  0  0  0  0  0  1
83: 0 0 0 0 0 0 1 0 0  0  0  0  1  0  0  1  0  1  0  0
84: 0 0 0 0 1 0 0 0 0  0  1  1  0  0  0  0  1  0  0  0
85: 0 0 0 1 0 0 0 0 0  0  1  0  0  0  1  0  0  0  1  0
86: 0 0 1 1 0 0 0 1 0  0  1  1  0  0  0  0  0  0  0  0
87: 0 0 1 0 0 0 0 0 0  0  0  0  0  0  0  0  1  0  1  0
88: 0 0 0 0 0 0 1 0 1  0  0  1  0  0  0  0  0  1  0  0
89: 0 0 1 0 0 0 0 0 0  0  0  0  0  0  1  0  0  0  1  1
90: 0 0 0 0 0 1 1 0 1  0  0  0  0  0  0  0  0  0  0  0
91: 0 0 0 0 0 0 0 0 1  0  1  1  0  0  1  0  1  0  0  0
92: 0 0 0 0 0 0 0 0 0  1  0  0  0  0  0  0  0  0  0  0
93: 0 0 0 0 0 0 0 0 0  0  0  0  0  0  1  0  0  0  0  0
94: 0 0 0 0 0 1 0 1 1  0  0  0  1  0  0  0  0  1  0  0
95: 0 0 0 0 0 0 0 0 0  1  0  0  0  0  0  0  0  0  0  1


clusters :
   3 5 9 11 13 15 17
1: 1 1 1  1  1  1  1

   6 11 16
2: 1  1  1

   1 4 5 6 8 13 16 17
3: 1 1 1 1 1  1  1  1

   1 3 4 15
4: 1 1 1  1

   1 4 11 12 14 15 17
5: 1 1  1  1  1  1  1

   2 7 9 18
6: 1 1 1  1

   1 11 12 15
7: 1  1  1  1

   5 6 13 19
8: 1 1  1  1

   1 2 3 20
9: 1 1 1  1

   1 3 4 7 18 20
10: 1 1 1 1  1  1

    3 11 14
11: 1  1  1

    4 8 11 17 19
12: 1 1  1  1  1

    3 14
13: 1  1

    1 14 16
14: 1  1  1

    8 10
15: 1  1

    8 11 12 13 15
16: 1  1  1  1  1

    1 6 7
17: 1 1 1

    4 13 15 17
18: 1  1  1  1

    3 11 20
19: 1  1  1

    2 8 10 11 14 18 19
20: 1 1  1  1  1  1  1

    1 3 7 8 9
21: 1 1 1 1 1

    2 5 7 11 15 16 20
22: 1 1 1  1  1  1  1

    2 4 10 17
23: 1 1  1  1

    1 4 19 20
24: 1 1  1  1

    14 15 17 18
25:  1  1  1  1

    9 11 12 15 18
26: 1  1  1  1  1

    1 2 8 12
27: 1 1 1  1

    9 11 13
28: 1  1  1

    8 10 18
29: 1  1  1

    2 8 9 10 12 15
30: 1 1 1  1  1  1

    1 4 17
31: 1 1  1

    5 8 14
32: 1 1  1

    6 10 11 18
34: 1  1  1  1

    2 7 8 12 14
35: 1 1 1  1  1

    3 7 12 16 17
36: 1 1  1  1  1

    14 16 18
37:  1  1  1

    4 9
38: 1 1

    5 6 20
39: 1 1  1

    14 15 16 17
40:  1  1  1  1

    3 4 9 10 12 13
41: 1 1 1  1  1  1

    3 5 6 16
42: 1 1 1  1

    5 7 9 12
43: 1 1 1  1

    8 13 16 17
44: 1  1  1  1

    10 13 16
45:  1  1  1

    1 3 5 18
46: 1 1 1  1

    3 4 12 14 18 20
47: 1 1  1  1  1  1

    1 2 5 8 9 12 14 15 16 17 19
49: 1 1 1 1 1  1  1  1  1  1  1

    1 3 4 6 7 10 14 19 20
50: 1 1 1 1 1  1  1  1  1

    3 14 18 20
51: 1  1  1  1

    2 10 11 12 16
52: 1  1  1  1  1

    1 2 6 11 17
53: 1 1 1  1  1

    1 2 3 8 11
54: 1 1 1 1  1

    1 6 7 11 12
56: 1 1 1  1  1

    1 4 10 11 14 15 16 19
58: 1 1  1  1  1  1  1  1

    2 3 7 16 17 18
59: 1 1 1  1  1  1

    11 18
60:  1  1

    2
61: 1

    2 8 15 17
62: 1 1  1  1

    8
63: 1

    1 7 10
64: 1 1  1

    1 12 20
65: 1  1  1

    1 2 6 8
66: 1 1 1 1

    10 11
67:  1  1

    9 17 19
68: 1  1  1

    1 2 5 12 14
69: 1 1 1  1  1

    3 6 15 16
70: 1 1  1  1

    5 8 11
71: 1 1  1

    5 8
73: 1 1

    4 7 9 11 17 19
74: 1 1 1  1  1  1

    2 3 8 17
75: 1 1 1  1

    2 3 4 11
76: 1 1 1  1

    4 7 14
77: 1 1  1

    2 3 5 6 17 19
78: 1 1 1 1  1  1

    5 6 9 14 19
80: 1 1 1  1  1

    1 8 9 10
81: 1 1 1  1

    1 6 7 20
82: 1 1 1  1

    7 13 16 18
83: 1  1  1  1

    5 11 12 17
84: 1  1  1  1

    4 11 15 19
85: 1  1  1  1

    3 4 8 11 12
86: 1 1 1  1  1

    3 17 19
87: 1  1  1

    7 9 12 18
88: 1 1  1  1

    3 15 19 20
89: 1  1  1  1

    6 7 9
90: 1 1 1

    9 11 12 15 17
91: 1  1  1  1  1

    10
92:  1

    15
93:  1

    6 8 9 13 18
94: 1 1 1  1  1

    10 20
95:  1  1

    16
57:  1
72:  1

    19
48:  1
55:  1

    10 13
33:  1  1
79:  1  1

