100 20
    1 2 3 4 5 6 7 8 9 10 11 12 13 14 15 16 17 18 19 20
1:  0 0 1 0 0 0 0 0 1  0  0  0  0  0  0  0  0  0  0  0
2:  0 0 0 0 0 0 0 0 0  0  0  0  0  0  0  0  0  0  0  0
3:  0 0 0 1 0 1 1 0 0  0  0  0  1  0  0  0  0  0  0  0
4:  0 1 0 0 0 0 1 1 0  0  0  0  0  0  0  0  0  1  1  0
5:  0 1 0 1 0 1 0 1 0  0  0  0  1  1  0  0  0  0  0  1
6:  0 1 0 0 0 0 0 0 0  1  0  0  0  0  0  0  0  1  0  0
7:  0 0 0 0 1 0 0 0 1  0  0  0  1  0  0  0  0  1  0  0
8:  0 0 0 0 0 1 0 1 0  0  0  0  0  0  0  0  0  0  1  0
9:  0 0 1 0 0 0 0 1 1  0  0  0  0  0  1  0  0  0  0  0
10: 0 0 0 0 0 1 0 1 0  1  0  0  0  0  0  0  0  0  1  0
11: 0 0 1 0 0 0 0 0 0  0  0  1  0  0  1  0  0  0  0  0
12: 0 0 0 0 0 0 0 0 0  1  0  0  1  0  1  1  0  0  0  0
13: 0 0 0 0 0 0 1 0 0  0  0  0  0  0  0  0  0  0  0  0
14: 0 0 0 0 0 0 0 0 0  0  0  0  0  0  1  1  1  0  0  0
15: 0 0 1 0 1 0 0 0 0  0  0  1  0  0  0  0  0  0  0  0
16: 0 0 0 0 0 0 0 1 0  0  0  0  1  1  1  0  0  0  1  0
17: 0 0 0 0 0 0 1 0 0  0  1  0  0  0  1  0  1  0  1  0
18: 0 0 1 0 0 0 0 0 0  1  0  0  0  0  1  1  1  0  0  0
19: 0 0 1 0 0 1 1 0 0  0  0  0  1  0  0  1  0  0  0  0
20: 0 0 0 0 0 1 0 0 0  0  0  0  0  0  0  0  0  0  0  1
21: 0 1 0 0 0 0 1 0 0  0  1  0  0  0  1  0  0  0  0  0
22: 0 0 1 0 0 0 0 0 0  0  0  0  0  0  0  0  0  0  0  1
23: 0 0 0 0 0 1 0 0 0  0  0  0  0  0  1  0  0  0  0  0
24: 0 0 1 0 1 0 1 0 0  1  0  1  0  0  0  0  0  0  1  1
25: 0 0 1 0 0 0 1 0 0  1  0  1  0  0  0  0  0  1  0  0
26: 0 0 0 0 1 0 0 0 0  0  0  1  0  0  0  0  0  0  0  0
27: 1 1 0 1 0 0 1 0 1  0  0  0  0  0  0  0  0  0  0  0
28: 0 0 0 0 1 0 0 1 0  0  1  1  1  0  0  0  0  0  0  0
29: 0 0 0 0 1 0 1 1 1  0  0  0  0  0  1  0  1  0  0  0
30: 0 1 0 0 1 0 0 1 1  0  0  1  0  0  0  0  1  0  0  0
31: 0 0 0 0 0 0 0 1 0  0  0  0  0  0  0  0  1  0  0  0
32: 0 0 0 1 1 0 0 0 0  0  0  0  0  0  0  0  0  0  0  0
33: 0 0 0 0 0 0 0 1 1  0  0  1  1  0  0  0  0  0  0  0
34: 0 0 1 0 0 0 0 0 0  0  0  0  0  0  0  0  0  0  0  0
35: 0 0 0 0 0 0 0 0 0  0  0  0  1  0  0  0  0  0  0  1
36: 0 0 0 1 0 0 0 1 0  0  0  1  0  0  0  0  1  1  1  0
37: 0 0 0 0 0 0 0 0 0  1  0  1  0  0  0  0  0  1  0  1
38: 0 0 0 0 1 0 0 0 1  1  0  0  0  1  0  0  0  0  0  0
39: 1 0 1 0 0 0 0 0 0  0  1  1  0  0  0  0  0  0  1  0
40: 0 0 0 0 0 0 0 0 0  0  0  0  0  0  0  0  1  0  0  1
41: 1 0 0 0 0 0 0 0 1  0  0  1  0  0  0  0  0  1  0  0
42: 0 0 1 0 0 0 1 1 0  0  0  1  0  1  0  1  0  0  0  0
43: 1 1 0 0 0 1 0 0 0  0  0  0  1  0  0  0  0  0  1  0
44: 0 0 0 0 0 0 1 0 0  0  0  0  0  0  0  1  0  0  0  0
45: 0 0 0 0 0 0 1 1 0  0  0  0  0  0  1  0  1  0  1  0
46: 0 0 0 1 0 0 0 0 0  0  0  1  0  0  0  1  0  0  0  0
47: 0 1 0 0 1 0 0 0 1  0  1  0  1  0  1  0  0  0  0  1
48: 1 0 0 1 0 0 1 1 0  0  0  0  1  1  1  0  0  0  0  0
49: 0 0 1 1 0 0 0 0 0  0  0  0  0  0  1  0  0  1  0  0
50: 0 0 0 0 0 0 0 0 0  1  0  0  1  1  0  0  0  1  1  0
51: 1 0 1 1 0 0 0 0 1  1  0  0  1  0  1  1  0  1  0  0
52: 1 0 0 0 0 0 0 0 0  0  0  0  1  0  0  0  0  0  0  0
53: 0 0 1 1 0 0 0 0 0  0  0  0  0  1  0  0  0  0  0  0
54: 0 0 1 0 0 0 0 0 0  0  0  1  0  0  0  1  0  0  0  0
55: 1 0 0 0 0 0 1 0 1  0  0  0  0  0  0  1  0  0  0  1
56: 0 0 1 0 0 0 0 0 0  0  0  0  1  1  0  0  0  0  0  1
57: 0 1 0 1 0 0 1 0 0  0  0  0  0  0  0  0  0  1  1  0
58: 1 0 0 1 0 0 0 0 0  1  1  0  1  1  0  1  0  0  0  1
59: 1 0 1 0 0 0 1 0 0  0  0  0  0  0  1  0  0  0  1  0
60: 0 0 1 0 0 0 1 0 0  0  1  1  0  0  0  0  0  0  0  0
61: 0 0 0 0 1 0 0 1 0  0  1  1  0  0  1  0  0  0  0  1
62: 0 0 0 0 0 0 0 0 1  0  0  0  1  0  0  1  0  0  0  0
63: 0 0 0 0 1 0 1 0 0  0  0  0  0  0  0  0  0  0  0  0
64: 0 0 0 0 0 0 1 0 0  0  1  0  0  0  1  1  1  1  1  0
65: 0 0 0 0 0 0 1 0 1  0  0  0  0  0  1  0  0  0  0  0
66: 0 0 0 0 0 0 0 0 0  0  0  0  0  0  0  0  0  0  0  1
67: 0 0 0 0 0 0 0 0 0  1  0  0  0  0  0  0  0  1  1  1
68: 0 0 0 0 0 0 0 0 0  0  1  0  0  0  1  0  0  0  1  0
69: 0 1 1 0 0 0 0 0 0  0  0  0  0  0  0  0  1  0  0  1
70: 0 0 0 0 0 0 0 0 0  0  0  0  1  0  0  0  0  1  1  0
71: 0 1 0 0 0 0 0 1 1  0  0  1  1  0  0  0  0  1  1  0
72: 0 0 1 0 1 0 0 0 0  0  0  0  1  0  0  0  0  1  0  1
73: 1 0 0 0 0 0 1 0 0  0  1  0  1  0  0  0  0  0  0  1
74: 0 0 0 0 0 0 0 0 0  0  0  0  0  0  1  1  1  1  0  0
75: 1 0 0 0 0 0 0 0 0  0  0  1  0  0  0  0  0  0  0  0
76: 0 0 0 0 0 0 1 0 0  0  0  0  0  0  0  1  0  0  0  1
77: 0 0 0 0 0 0 0 1 0  0  1  0  0  0  0  0  0  1  0  0
78: 0 1 1 0 0 0 0 0 0  0  1  1  0  0  0  0  1  0  0  0
79: 0 0 1 0 1 0 0 0 0  0  0  0  0  0  0  0  0  0  0  0
80: 1 0 0 1 0 0 0 0 1  1  0  0  0  1  0  0  0  0  0  0
81: 0 1 1 0 0 0 1 0 0  0  0  0  0  0  0  1  0  1  0  0
82: 0 0 1 0 0 0 0 1 0  0  0  0  0  0  0  0  0  0  0  1
83: 0 0 0 0 0 0 0 0 1  0  1  0  0  1  0  0  0  0  0  0
84: 0 0 1 1 1 1 1 0 0  0  0  0  0  0  0  1  0  0  0  1
85: 0 0 1 0 0 0 0 0 1  0  0  0  0  0  0  0  0  0  0  1
86: 0 0 0 0 1 0 0 0 0  0  0  1  0  0  0  0  0  0  0  0
87: 0 0 0 0 0 0 0 0 0  1  0  1  0  0  1  0  0  0  1  0
88: 1 0 1 0 0 0 1 0 0  0  0  0  0  0  0  0  0  0  0  0
89: 0 1 0 0 0 0 0 0 0  0  0  0  0  0  0  0  0  1  1  1
90: 0 0 0 0 0 0 0 0 1  1  0  0  0  1  1  0  0  0  1  0
91: 1 0 0 0 0 0 0 1 1  0  0  0  0  0  0  1  0  0  0  0
92: 0 0 0 0 1 0 0 0 1  0  1  0  0  0  0  0  0  0  0  0
93: 0 0 1 0 0 0 0 0 0  0  0  0  0  0  1  0  0  0  1  0
94: 0 0 1 0 0 1 0 0 0  1  0  0  1  0  0  0  0  1  0  1
95: 1 0 0 0 1 0 0 0 0  0  0  0  0  0  0  0  0  1  0  1
96: 1 0 1 0 0 0 0 0 0  0  0  0  0  0  0  0  1  0  0  0
97: 0 1 1 0 0 0 0 0 0  1  0  0  0  1  0  1  0  0  1  1
98: 0 0 0 0 0 1 0 0 0  0  1  0  0  0  0  0  0  0  0  0
99: 1 0 0 0 0 0 1 0 1  0  0  0  1  0  0  0  1  0  0  0
100: 1 0 0 0 1 1 0 0 0  0  0  0  0  0  0  0  0  0  0  0


clusters :
    1 2 3 4 5 6 7 8 9 10 11 12 13 14 15 16 17 18 19 20
1:  0 0 1 0 0 0 0 0 1  0  0  0  0  0  0  0  0  0  0  0
2:  0 0 0 0 0 0 0 0 0  0  0  0  0  0  0  0  0  0  0  0
3:  0 0 0 1 0 1 1 0 0  0  0  0  1  0  0  0  0  0  0  0
4:  0 1 0 0 0 0 1 1 0  0  0  0  0  0  0  0  0  1  1  0
5:  0 1 0 1 0 1 0 1 0  0  0  0  1  1  0  0  0  0  0  1
6:  0 1 0 0 0 0 0 0 0  1  0  0  0  0  0  0  0  1  0  0
7:  0 0 0 0 1 0 0 0 1  0  0  0  1  0  0  0  0  1  0  0
8:  0 0 0 0 0 1 0 1 0  0  0  0  0  0  0  0  0  0  1  0
9:  0 0 1 0 0 0 0 1 1  0  0  0  0  0  1  0  0  0  0  0
10: 0 0 0 0 0 1 0 1 0  1  0  0  0  0  0  0  0  0  1  0
11: 0 0 1 0 0 0 0 0 0  0  0  1  0  0  1  0  0  0  0  0
12: 0 0 0 0 0 0 0 0 0  1  0  0  1  0  1  1  0  0  0  0
13: 0 0 0 0 0 0 1 0 0  0  0  0  0  0  0  0  0  0  0  0
14: 0 0 0 0 0 0 0 0 0  0  0  0  0  0  1  1  1  0  0  0
15: 0 0 1 0 1 0 0 0 0  0  0  1  0  0  0  0  0  0  0  0
16: 0 0 0 0 0 0 0 1 0  0  0  0  1  1  1  0  0  0  1  0
17: 0 0 0 0 0 0 1 0 0  0  1  0  0  0  1  0  1  0  1  0
18: 0 0 1 0 0 0 0 0 0  1  0  0  0  0  1  1  1  0  0  0
19: 0 0 1 0 0 1 1 0 0  0  0  0  1  0  0  1  0  0  0  0
20: 0 0 0 0 0 1 0 0 0  0  0  0  0  0  0  0  0  0  0  1
21: 0 1 0 0 0 0 1 0 0  0  1  0  0  0  1  0  0  0  0  0
22: 0 0 1 0 0 0 0 0 0  0  0  0  0  0  0  0  0  0  0  1
23: 0 0 0 0 0 1 0 0 0  0  0  0  0  0  1  0  0  0  0  0
24: 0 0 1 0 1 0 1 0 0  1  0  1  0  0  0  0  0  0  1  1
25: 0 0 1 0 0 0 1 0 0  1  0  1  0  0  0  0  0  1  0  0
26: 0 0 0 0 1 0 0 0 0  0  0  1  0  0  0  0  0  0  0  0
27: 1 1 0 1 0 0 1 0 1  0  0  0  0  0  0  0  0  0  0  0
28: 0 0 0 0 1 0 0 1 0  0  1  1  1  0  0  0  0  0  0  0
29: 0 0 0 0 1 0 1 1 1  0  0  0  0  0  1  0  1  0  0  0
30: 0 1 0 0 1 0 0 1 1  0  0  1  0  0  0  0  1  0  0  0
31: 0 0 0 0 0 0 0 1 0  0  0  0  0  0  0  0  1  0  0  0
32: 0 0 0 1 1 0 0 0 0  0  0  0  0  0  0  0  0  0  0  0
33: 0 0 0 0 0 0 0 1 1  0  0  1  1  0  0  0  0  0  0  0
34: 0 0 1 0 0 0 0 0 0  0  0  0  0  0  0  0  0  0  0  0
35: 0 0 0 0 0 0 0 0 0  0  0  0  1  0  0  0  0  0  0  1
36: 0 0 0 1 0 0 0 1 0  0  0  1  0  0  0  0  1  1  1  0
37: 0 0 0 0 0 0 0 0 0  1  0  1  0  0  0  0  0  1  0  1
38: 0 0 0 0 1 0 0 0 1  1  0  0  0  1  0  0  0  0  0  0
39: 1 0 1 0 0 0 0 0 0  0  1  1  0  0  0  0  0  0  1  0
40: 0 0 0 0 0 0 0 0 0  0  0  0  0  0  0  0  1  0  0  1
41: 1 0 0 0 0 0 0 0 1  0  0  1  0  0  0  0  0  1  0  0
42: 0 0 1 0 0 0 1 1 0  0  0  1  0  1  0  1  0  0  0  0
43: 1 1 0 0 0 1 0 0 0  0  0  0  1  0  0  0  0  0  1  0
44: 0 0 0 0 0 0 1 0 0  0  0  0  0  0  0  1  0  0  0  0
45: 0 0 0 0 0 0 1 1 0  0  0  0  0  0  1  0  1  0  1  0
46: 0 0 0 1 0 0 0 0 0  0  0  1  0  0  0  1  0  0  0  0
47: 0 1 0 0 1 0 0 0 1  0  1  0  1  0  1  0  0  0  0  1
48: 1 0 0 1 0 0 1 1 0  0  0  0  1  1  1  0  0  0  0  0
49: 0 0 1 1 0 0 0 0 0  0  0  0  0  0  1  0  0  1  0  0
50: 0 0 0 0 0 0 0 0 0  1  0  0  1  1  0  0  0  1  1  0
51: 1 0 1 1 0 0 0 0 1  1  0  0  1  0  1  1  0  1  0  0
52: 1 0 0 0 0 0 0 0 0  0  0  0  1  0  0  0  0  0  0  0
53: 0 0 1 1 0 0 0 0 0  0  0  0  0  1  0  0  0  0  0  0
54: 0 0 1 0 0 0 0 0 0  0  0  1  0  0  0  1  0  0  0  0
55: 1 0 0 0 0 0 1 0 1  0  0  0  0  0  0  1  0  0  0  1
56: 0 0 1 0 0 0 0 0 0  0  0  0  1  1  0  0  0  0  0  1
57: 0 1 0 1 0 0 1 0 0  0  0  0  0  0  0  0  0  1  1  0
58: 1 0 0 1 0 0 0 0 0  1  1  0  1  1  0  1  0  0  0  1
59: 1 0 1 0 0 0 1 0 0  0  0  0  0  0  1  0  0  0  1  0
60: 0 0 1 0 0 0 1 0 0  0  1  1  0  0  0  0  0  0  0  0
61: 0 0 0 0 1 0 0 1 0  0  1  1  0  0  1  0  0  0  0  1
62: 0 0 0 0 0 0 0 0 1  0  0  0  1  0  0  1  0  0  0  0
63: 0 0 0 0 1 0 1 0 0  0  0  0  0  0  0  0  0  0  0  0
64: 0 0 0 0 0 0 1 0 0  0  1  0  0  0  1  1  1  1  1  0
65: 0 0 0 0 0 0 1 0 1  0  0  0  0  0  1  0  0  0  0  0
66: 0 0 0 0 0 0 0 0 0  0  0  0  0  0  0  0  0  0  0  1
67: 0 0 0 0 0 0 0 0 0  1  0  0  0  0  0  0  0  1  1  1
68: 0 0 0 0 0 0 0 0 0  0  1  0  0  0  1  0  0  0  1  0
69: 0 1 1 0 0 0 0 0 0  0  0  0  0  0  0  0  1  0  0  1
70: 0 0 0 0 0 0 0 0 0  0  0  0  1  0  0  0  0  1  1  0
71: 0 1 0 0 0 0 0 1 1  0  0  1  1  0  0  0  0  1  1  0
72: 0 0 1 0 1 0 0 0 0  0  0  0  1  0  0  0  0  1  0  1
73: 1 0 0 0 0 0 1 0 0  0  1  0  1  0  0  0  0  0  0  1
74: 0 0 0 0 0 0 0 0 0  0  0  0  0  0  1  1  1  1  0  0
75: 1 0 0 0 0 0 0 0 0  0  0  1  0  0  0  0  0  0  0  0
76: 0 0 0 0 0 0 1 0 0  0  0  0  0  0  0  1  0  0  0  1
77: 0 0 0 0 0 0 0 1 0  0  1  0  0  0  0  0  0  1  0  0
78: 0 1 1 0 0 0 0 0 0  0  1  1  0  0  0  0  1  0  0  0
79: 0 0 1 0 1 0 0 0 0  0  0  0  0  0  0  0  0  0  0  0
80: 1 0 0 1 0 0 0 0 1  1  0  0  0  1  0  0  0  0  0  0
81: 0 1 1 0 0 0 1 0 0  0  0  0  0  0  0  1  0  1  0  0
82: 0 0 1 0 0 0 0 1 0  0  0  0  0  0  0  0  0  0  0  1
83: 0 0 0 0 0 0 0 0 1  0  1  0  0  1  0  0  0  0  0  0
84: 0 0 1 1 1 1 1 0 0  0  0  0  0  0  0  1  0  0  0  1
85: 0 0 1 0 0 0 0 0 1  0  0  0  0  0  0  0  0  0  0  1
86: 0 0 0 0 1 0 0 0 0  0  0  1  0  0  0  0  0  0  0  0
87: 0 0 0 0 0 0 0 0 0  1  0  1  0  0  1  0  0  0  1  0
88: 1 0 1 0 0 0 1 0 0  0  0  0  0  0  0  0  0  0  0  0
89: 0 1 0 0 0 0 0 0 0  0  0  0  0  0  0  0  0  1  1  1
90: 0 0 0 0 0 0 0 0 1  1  0  0  0  1  1  0  0  0  1  0
91: 1 0 0 0 0 0 0 1 1  0  0  0  0  0  0  1  0  0  0  0
92: 0 0 0 0 1 0 0 0 1  0  1  0  0  0  0  0  0  0  0  0
93: 0 0 1 0 0 0 0 0 0  0  0  0  0  0  1  0  0  0  1  0
94: 0 0 1 0 0 1 0 0 0  1  0  0  1  0  0  0  0  1  0  1
95: 1 0 0 0 1 0 0 0 0  0  0  0  0  0  0  0  0  1  0  1
96: 1 0 1 0 0 0 0 0 0  0  0  0  0  0  0  0  1  0  0  0
97: 0 1 1 0 0 0 0 0 0  1  0  0  0  1  0  1  0  0  1  1
98: 0 0 0 0 0 1 0 0 0  0  1  0  0  0  0  0  0  0  0  0
99: 1 0 0 0 0 0 1 0 1  0  0  0  1  0  0  0  1  0  0  0
100: 1 0 0 0 1 1 0 0 0  0  0  0  0  0  0  0  0  0  0  0

